# Derived from the certified recurrence; not an official OEIS b-file.
0 1
1 1
2 7
3 95
4 1614
5 30718
6 626434
7 13383650
8 295692145
9 6700461777
10 154871912815
11 3637093846055
12 86539594779772
13 2081721640140460
14 50542732376144460
15 1236960716959913020
16 30483096737455969766
17 755783491624380578998
18 18839297079646725396450
19 471851408962496233087650
20 11868704590155385681048336
21 299692001928510713998079040
22 7593867339185292554658573320
23 193032501223516068520866476120
24 4921059770594220231421139166574
25 125789248138079971443576031004798
26 3223245426835410197978681797378954
27 82780298498254889489954808769823050
28 2130453686361521618985355025382190460
29 54936896673052886800513697383309502892
30 1419204938212255761735612470707088210892
31 36725090229806146427138218028304108730300
32 951853724372331957113487587966011786608745
33 24707246576800634316528225146255969129949545
34 642223736053855004302972274892584116343865343
35 16715551445970142350864571557077455869868964375
36 435607077136944144783632340774535173311779664070
37 11365255628854157106896620821605409461981483858806
38 296856221075800936873630132547727714111942959573290
39 7761944225379851855686110192107413969582865025426250
40 203155685201760975519056717894331948940930805473646705
41 5322307517565746081023437059467069448543057603142637393
42 139560803295086401053546342679567775192826777844747705167
43 3662696073202975365077879917449263971111032217087481552775
44 96204399667538133690311386769439020632807714200798686257380
45 2528887382851630733689638777829482195625576846634523562882068
46 66525706537146071127240882187541746399208350789246305560760900
47 1751301317239492655919677543192587742305683347919114181811533300
48 46134991200841499290817299419646458181990137440141685550804528860
49 1216146335569807730748664491007391023016164012242017975755610000012
50 32078602829574273028908895223038201780071586025773327303834363041740
