../data/q1b_series_100.json
first_by_order [(1, None), (2, None), (3, None), (4, (14, 1)), (5, (10, 2)), (6, (8, 1)), (7, (8, 4)), (8, (7, 2)), (9, (7, 4)), (10, None)]
hits [(4, 14, 1), (5, 10, 2), (6, 8, 1), (7, 8, 4), (8, 7, 2), (9, 7, 4)]
../data/q1c_series_100.json
first_by_order [(1, None), (2, None), (3, None), (4, (14, 1)), (5, (10, 2)), (6, (8, 1)), (7, (8, 4)), (8, (7, 2)), (9, (7, 4)), (10, None)]
hits [(4, 14, 1), (5, 10, 2), (6, 8, 1), (7, 8, 4), (8, 7, 2), (9, 7, 4)]
../data/q1d_series_100.json
first_by_order [(1, None), (2, None), (3, None), (4, (14, 1)), (5, (10, 2)), (6, (8, 1)), (7, (8, 4)), (8, (7, 2)), (9, (7, 4)), (10, None)]
hits [(4, 14, 1), (5, 10, 2), (6, 8, 1), (7, 8, 4), (8, 7, 2), (9, 7, 4)]
../data/q1e_series_100.json
first_by_order [(1, None), (2, None), (3, None), (4, (11, 1)), (5, (8, 2)), (6, (7, 3)), (7, (6, 2)), (8, (6, 4)), (9, (6, 6)), (10, (5, 1))]
hits [(4, 11, 1), (5, 8, 2), (6, 7, 3), (7, 6, 2), (8, 6, 4), (9, 6, 6), (10, 5, 1)]
../data/q1f_series_100.json
first_by_order [(1, None), (2, None), (3, None), (4, (14, 1)), (5, (10, 2)), (6, (8, 1)), (7, (8, 4)), (8, (7, 2)), (9, (7, 4)), (10, None)]
hits [(4, 14, 1), (5, 10, 2), (6, 8, 1), (7, 8, 4), (8, 7, 2), (9, 7, 4)]
