1
6
6
6
6
6
18
18
18
18
18
18
6
6
18
18
18
30
30
66
54
54
54
54
54
18
18
54
54
54
54
54
54
6
6
18
18
18
30
30
66
54
54
54
54
54
30
30
90
90
90
126
126
234
162
162
162
162
162
54
54
162
162
162
162
162
162
18
18
54
54
54
90
90
198
162
162
162
162
162
54
54
162
162
162
162
162
162
6
6
18
18
18
30
30
66
54
54
54
54
54
30
30
90
90
90
126
126
234
162
162
162
162
162
54
54
162
162
162
162
162
162
30
30
90
90
90
150
150
330
270
270
270
270
270
126
126
378
378
378
486
486
810
486
486
486
486
486
162
162
486
486
486
486
486
486
54
54
162
162
162
270
270
594
486
486
486
486
486
162
162
486
486
486
486
486
486
18
18
54
54
54
90
90
198
162
162
162
162
162
90
90
270
270
270
378
378
702
486
486
486
486
486
162
162
486
486
486
486
486
486
54
54
162
162
162
270
270
594
486
486
486
486
486
162
162
486
486
486
486
486
486
6
