python3 golden_hex.py sequence --level 6
N_t = [
  1, 7, 13, 19, 25, 31, 49, 67, 85, 103, 121, 139, 145, 151, 169, 187, 205, 235, 265, 331, 385, 439, 493, 547,
  601, 619, 637, 691, 745, 799, 853, 907, 961, 967, 973, 991, 1009, 1027, 1057, 1087, 1153, 1207, 1261, 1315, 1369, 1423, 1453, 1483,
  1573, 1663, 1753, 1879, 2005, 2239, 2401, 2563, 2725, 2887, 3049, 3103, 3157, 3319, 3481, 3643, 3805, 3967, 4129, 4147, 4165, 4219, 4273, 4327,
  4417, 4507, 4705, 4867, 5029, 5191, 5353, 5515, 5569, 5623, 5785, 5947, 6109, 6271, 6433, 6595, 6601, 6607, 6625, 6643, 6661, 6691, 6721, 6787,
  6841, 6895, 6949, 7003, 7057, 7087, 7117, 7207, 7297, 7387, 7513, 7639, 7873, 8035, 8197, 8359, 8521, 8683, 8737, 8791, 8953, 9115, 9277, 9439,
  9601, 9763, 9793, 9823, 9913, 10003, 10093, 10243, 10393, 10723, 10993, 11263, 11533, 11803, 12073, 12199, 12325, 12703, 13081, 13459, 13945, 14431, 15241, 15727,
  16213, 16699, 17185, 17671, 17833, 17995, 18481, 18967, 19453, 19939, 20425, 20911, 20965, 21019, 21181, 21343, 21505, 21775, 22045, 22639, 23125, 23611, 24097, 24583,
  25069, 25231, 25393, 25879, 26365, 26851, 27337, 27823, 28309, 28327, 28345, 28399, 28453, 28507, 28597, 28687, 28885, 29047, 29209, 29371, 29533, 29695, 29785, 29875,
  30145, 30415, 30685, 31063, 31441, 32143, 32629, 33115, 33601, 34087, 34573, 34735, 34897, 35383, 35869, 36355, 36841, 37327, 37813, 37867, 37921, 38083, 38245, 38407,
  38677, 38947, 39541, 40027, 40513, 40999, 41485, 41971, 42133, 42295, 42781, 43267, 43753, 44239, 44725, 45211, 45217
]
