10
194
202
628
959
1248
1249
1260
1261
1276
1277
1308
1309
1312
1333
1354
1355
1368
1370
1371
1388
1389
1392
1393
1433
1437
1460
1461
1484
1485
1504
1508
1509
1556
1557
1560
1561
1564
1565
1568
1569
1633
1696
1762
1763
1808
1809
1812
1813
1826
1830
1833
1837
1906
1907
1910
1911
1912
1913
1924
1925
1926
1927
1928
1929
1930
1932
1933
1934
1935
1936
1938
1944
1945
1950
1970
1974
2000
2018
2019
2022
2023
2048
2049
2052
2053
2072
2073
2076
2077
2145
2168
2169
2189
2193
2269
2277
2340
2345
2393
2405
2417
2470
2471
2521
2538
2618
2619
2635
2636
2637
2640
2641
2646
2652
2653
2667
2678
2679
2682
2683
2722
2726
2727
2730
2731
2757
2789
2794
2798
2804
2805
2818
2819
2836
2848
2849
2862
2872
2873
2876
2877
2885
2890
2894
2897
2901
2904
2911
2915
2939
2945
2952
2956
2976
2977
2980
2981
2984
2985
3002
3003
3006
3007
3017
3023
3080
3119
3138
3140
3145
3146
3147
3166
3170
3172
3176
3186
3190
3196
3197
3200
3201
3216
3217
3220
3221
3232
3240
3241
3247
3251
3261
3267
3269
3282
3283
3301
3302
3304
3305
3312
3313
3314
3315
3323
3326
3342
3348
3349
3352
3355
3381
3407
3421
3431
3432
3433
3436
3437
3441
3446
3447
3456
3459
3473
3475
3488
3489
3493
3494
3495
3506
3511
3512
3513
3516
3517
3521
3525
3536
3537
3554
3571
3580
3616
3618
3619
3622
3624
3628
3629
3632
3633
3796
3797
3840
3841
3863
3886
3902
3960
3961
3964
3984
3985
3989
4009
4012
4082
4083
4088
4089
4098
4137
4139
4152
4153
4224
4260
4261
4264
4265
4285
4288
4289
4318
4334
4342
4343
4344
4348
4349
4358
4412
4413
4416
4418
4419
4420
4422
4423
4424
4425
4426
4430
4431
4434
4435
4436
4438
4439
4440
4442
4446
4448
4449
4454
4455
4460
4464
4465
4468
4469
4470
4484
4485
4498
4499
4516
4560
4561
4584
4588
4609
4613
4674
4676
4677
4682
4683
4684
4688
4689
4692
4693
4696
4697
4698
4737
4739
4752
4753
4756
4758
4759
4766
4770
4771
4774
4775
4778
4779
4780
4824
4825
4861
4884
4885
4888
4889
4918
4934
4936
4937
4944
4952
4953
4956
4957
4961
4962
4963
4978
4979
4982
4983
5012
5016
5018
5019
5020
5022
5023
5024
5025
5026
5030
5031
5034
5035
5036
5038
5039
5040
5042
5048
5049
5064
5065
5068
5069
5085
5102
5122
5123
5126
5127
5170
5171
5174
5175
5194
5195
5254
5255
5266
5267
5342
5343
5344
5346
5347
5348
5349
5428
5429
5432
5433
5466
5474
5475
5476
5478
5479
5480
5481
5502
5503
5506
5507
5602
5603
5626
5627
5630
5646
5647
5649
5650
5651
5658
5659
5661
5662
5663
5674
5675
5678
5720
5727
5730
5731
5732
5734
5735
5736
5738
5739
5740
5741
5742
5744
5745
5746
5747
5748
5750
5751
5752
5754
5756
5772
5773
5776
5777
5778
5779
5806
5807
5810
5811
5820
5821
5822
5823
5824
5825
5826
5827
5852
5853
5858
5859
5862
5863
5866
5867
5868
5870
5871
5872
5873
5876
5877
5879
5883
5886
5894
5895
5898
5899
5904
5905
5908
5909
5910
5911
5930
5931
5940
5941
5990
6008
6039
6046
6047
6058
6059
6120
6121
6122
6123
6166
6167
6177
6178
6238
6239
6256
6257
6269
6270
6271
6287
6292
6293
6316
6320
6321
6326
6402
6403
6404
6418
6419
6421
6422
6509
6518
6544
6545
6547
6548
6549
6556
6557
6558
6559
6560
6561
6568
6569
6572
6573
6576
6577
6610
6611
6616
6617
6618
6619
6621
6622
6623
6624
6625
6629
6630
6631
6642
6643
6644
6645
6658
6659
6664
6665
6666
6667
6674
6676
6677
6679
6680
6690
6691
6710
6756
6758
6759
6761
6766
6767
6770
6771
6772
6773
6774
6775
6776
6778
6784
6785
6792
6793
6798
6799
6804
6805
6806
6807
6808
6809
6816
6817
6822
6823
6824
6825
6826
6828
6829
6832
6833
6835
6837
6849
6850
6852
6853
6856
6857
6861
6862
6864
6887
6900
6901
6916
6917
6919
6920
6934
6935
6940
6941
6944
6950
6954
6955
6956
6957
6958
6959
6960
6978
6979
6984
6985
7056
7057
7072
7073
7076
7077
7124
7125
7129
7154
7155
7184
7185
7199
7200
7201
7211
7216
7217
7220
7221
7240
7241
7242
7243
7244
7245
7246
7247
7249
7251
7252
7253
7254
7255
7256
7257
7258
7259
7261
7262
7263
7264
7265
7267
7268
7271
7272
7273
7274
7275
7332
7333
7336
7337
7356
7357
7360
7361
7400
7402
7403
7418
7419
7422
7423
7426
7461
7471
7488
7489
7490
7491
7506
7507
7510
7511
7561
7612
7614
7615
7618
7619
7620
7621
7622
7624
7626
7627
7628
7629
7630
7631
7632
7633
7634
7635
7636
7638
7640
7642
7643
7654
7655
7658
7659
7662
7663
7664
7696
7697
7700
7702
7703
7706
7707
7708
7709
7710
7712
7714
7715
7716
7717
7718
7719
7720
7721
7722
7723
7724
7726
7728
7729
7732
7733
7734
7735
7744
7748
7749
7750
7751
7753
7754
7755
7774
7775
7797
7801
7821
7823
7826
7828
7829
7837
7845
7849
7914
7931
7935
7939
7940
7941
7947
7948
7949
7952
8017
8020
8028
8029
8058
8059
8062
8063
8088
8089
8092
8093
8112
8113
8116
8117
8118
8119
8156
8158
8159
8174
8175
8178
8179
8184
8186
8202
8203
8213
8215
8217
8223
8225
8227
8234
8235
8236
8237
8239
8242
8243
8244
8245
8246
8247
8262
8263
8266
8267
8270
8276
8278
8294
8295
8320
8321
8357
8361
8368
8370
8371
8372
8374
8375
8376
8377
8378
8380
8382
8383
8384
8385
8386
8387
8388
8389
8390
8391
8392
8394
8396
8397
8398
8399
8410
8411
8414
8415
8418
8419
8420
8425
8427
8430
8435
8436
8440
8441
8445
8446
8447
8452
8453
8456
8457
8458
8459
8460
8461
8462
8463
8464
8465
8466
8467
8468
8470
8471
8472
8473
8474
8475
8476
8477
8478
8479
8480
8481
8482
8484
8485
8487
8488
8489
8490
8491
8494
8495
8500
8504
8505
8506
8507
8509
8510
8511
8534
8535
8540
8557
8564
8579
8583
8584
8585
8588
8589
8593
8597
8605
8630
8653
8654
8670
8683
8690
8691
8708
8709
8713
8778
8779
8784
8785
8792
8794
8795
8804
8806
8807
8868
8869
8870
8871
8914
8915
8925
8926
8952
8953
8956
8957
8982
8983
8985
8986
8987
8994
8995
8997
8998
8999
9002
9003
9006
9007
9010
9011
9014
9027
9031
9054
9055
9056
9057
9058
9059
9060
9061
9062
9063
9064
9065
9066
9067
9068
9069
9080
9081
9082
9083
9092
9093
9096
9097
9102
9103
9104
9105
9112
9114
9115
9116
9117
9118
9122
9123
9142
9143
9146
9147
9238
9239
9256
9257
9269
9270
9271
9287
9292
9293
9301
9316
9320
9321
9326
9384
9386
9387
9402
9403
9405
9406
9408
9512
9515
9517
9518
9525
9526
9528
9530
9531
9532
9533
9534
9540
9541
9542
9546
9547
9548
9549
9552
9553
9554
9555
9560
9561
9562
9563
9564
9565
9578
9579
9580
9581
9582
9584
9585
9588
9589
9590
9591
9592
9593
9595
9597
9598
9599
9600
9601
9603
9605
9606
9608
9609
9612
9613
9617
9618
9620
9635
9648
9649
9664
9665
9667
9668
9679
9680
9681
9696
9697
9699
9700
9708
9709
9718
9734
9740
9752
9764
9793
9832
9833
9834
9836
9837
9838
9839
9840
9841
9842
9843
9844
9845
9846
9848
9849
9850
9851
9855
9866
9869
9879
9894
9895
9940
9941
9942
9943
9944
9945
9946
9947
9951
9952
9953
9966
9976
9977
9979
9980
9981
9982
9983
9984
9985
9986
9987
9988
9989
9990
9991
9992
9995
9998
9999
10000
10001
10002
10003
10006
10007
10011
10018
10034
10040
10056
10064
10083
10087
10095
10105
10144
10145
10148
10149
10150
10151
10227
10234
10235
10248
10249
10283
10290
10292
10293
10296
10297
10298
10299
10322
10326
10327
10328
10329
10331
10332
10333
10334
10335
10336
10351
10356
10362
10363
10364
10365
10366
10370
10454
10460
10468
10484
10486
10490
10522
10523
10524
10525
10527
10529
10530
10531
10594
10596
10608
10610
10620
10624
10625
10626
10627
10629
10636
10638
10649
10650
10653
10654
10662
10665
10674
10675
10679
10686
10752
10795
10797
10799
10800
10801
10803
10804
10805
10808
10815
10816
10866
10882
10886
10891
10892
10921
10922
10923
10928
10934
10944
10953
10960
10965
10973
10975
10985
11003
11011
11040
11076
11119
11121
11125
11132
11139
11141
11215
11216
11245
11247
11319
11322
11323
11327
11328
11329
11346
11389
11405
11479
11585
11604
11605
11620
11621
11658
11659
11737
11738
11745
11746
11748
11749
11813
11858
11859
11874
11875
11877
11878
11964
11967
12048
12061
12063
12066
12067
12068
12069
12082
12083
12084
12085
12102
12103
12104
12105
12113
12120
12121
12124
12132
12142
12160
12192
12196
12197
12198
12204
12205
12207
12208
12220
12221
12227
12228
12230
12231
12243
12251
12292
12293
12300
12301
12306
12308
12309
12324
12325
12327
12328
12338
12339
12346
12348
12349
12364
12365
12367
12368
12393
12396
12414
12475
12477
12479
12482
12492
12494
12511
12536
12537
12540
12550
12551
12552
12554
12555
12573
12576
12594
12595
12597
12611
12694
12695
12696
12697
12698
12700
12702
12710
12712
12714
12715
12716
12717
12732
12733
12734
12735
12736
12737
12738
12740
12746
12747
12748
12749
12750
12752
12754
12757
12763
12764
12766
12768
12770
12772
12773
12778
12780
12794
12796
12798
12799
12800
12816
12819
12846
12913
12916
12919
12929
12931
12948
12963
12965
12966
12969
12970
12975
12976
12977
12985
12991
12994
12997
13012
13016
13017
13018
13021
13035
13053
13057
13134
13135
13136
13137
13138
13139
13140
13141
13142
13143
13144
13145
13146
13147
13148
13149
13150
13151
13152
13153
13154
13155
13156
13157
13158
13159
13160
13161
13162
13163
13164
13165
13166
13167
13168
13169
13170
13171
13172
13173
13174
13175
13176
13177
13178
13179
13180
13181
13182
13183
13184
13185
13186
13187
13188
13189
13190
13191
13192
13193
13194
13195
13196
13197
13198
13199
13200
13201
13202
13203
13204
13205
13206
13207
13208
13209
13210
13211
13212
13213
13214
13215
13216
13217
13218
13219
13220
13221
13222
13223
13224
13225
13226
13227
13228
13229
13230
13231
13232
13233
13234
13235
13236
13237
13238
13239
13240
13241
13242
13243
13244
13245
13246
13247
13248
13249
13250
13251
13252
13253
13254
13255
13256
13257
13258
13259
13260
13261
13262
13263
13264
13265
13266
13267
13268
13269
13270
13271
13285
13288
13292
13312
13314
13316
13328
13332
13333
13386
13387
13388
13389
13390
13391
13392
13393
13398
13399
13400
13402
13403
13405
13408
13411
13414
13415
13416
13417
13418
13420
13436
13437
13438
13440
13442
13444
13450
13451
13452
13454
13455
13456
13457
13458
13459
13461
13467
13468
13469
13471
13473
13478
13480
13481
13483
13516
13517
13518
13519
13520
13524
13526
13528
13529
13530
13532
13535
13537
13541
13552
13556
13557
13575
13593
13597
13646
13647
13648
13649
13650
13651
13652
13653
13654
13655
13656
13657
13658
13659
13660
13661
13662
13663
13664
13665
13666
13667
13668
13669
13670
13671
13672
13673
13674
13675
13676
13677
13678
13679
13680
13681
13682
13683
13684
13685
13686
13687
13688
13689
13690
13691
13692
13693
13694
13695
13696
13697
13698
13699
13700
13701
13702
13703
13704
13705
13706
13707
13708
13709
13710
13711
13712
13713
13714
13715
13716
13717
13718
13719
13720
13721
13722
13723
13724
13725
13726
13727
13728
13729
13730
13731
13732
13733
13734
13735
13736
13737
13738
13739
13740
13741
13742
13743
13744
13745
13746
13747
13748
13749
13750
13751
13752
13753
13754
13755
13763
13766
13805
13831
13832
13833
13834
13839
13840
13841
13843
13844
13849
13850
13851
13852
13853
13855
13869
13870
13871
13873
13875
13881
13882
13883
13885
13886
13887
13888
13890
13893
13896
13897
13898
13902
13913
13914
13915
13928
13932
13933
13934
13969
13975
13976
14052
14056
14059
14065
14066
14079
14124
14125
14126
14127
14128
14129
14130
14131
14132
14133
14145
14151
14157
14159
14165
14166
14184
14185
14236
14247
14323
14324
14368
14372
14373
14379
14381
14388
14406
14409
14415
14416
14425
14438
14439
14440
14442
14443
14445
14446
14460
14461
14464
14465
14466
14468
14471
14476
14478
14479
14506
14513
14526
14528
14530
14531
14532
14533
14535
14536
14537
14539
14540
14541
14542
14544
14548
14552
14554
14555
14576
14584
14586
14588
14653
14665
14678
14732
14737
14775
14796
14807
14835
14841
14854
14855
14857
14859
14885
14900
14940
14959
14963
14968
14972
14973
14977
14983
14987
14993
14995
15015
15016
15017
15018
15019
15020
15021
15022
15026
15029
15030
15031
15032
15033
15034
15035
15036
15037
15038
15039
15040
15041
15042
15043
15044
15045
15046
15047
15048
15049
15050
15051
15052
15053
15054
15055
15056
15057
15058
15059
15060
15061
15062
15063
15064
15065
15066
15067
15068
15069
15070
15071
15072
15073
15074
15075
15076
15077
15078
15079
15080
15081
15082
15083
15084
15085
15086
15087
15088
15089
15090
15091
15092
15093
15094
15095
15106
15149
15150
15151
15153
15159
15160
15161
15162
15163
15165
15173
15174
15175
15179
15181
15183
15186
15187
15204
15207
15209
15249
15253
15255
15263
15265
15266
15274
15278
15279
15300
15311
15335
15347
15360
15362
15394
15395
15397
15401
15403
15406
15415
15418
15419
15439
15473
15474
15475
15478
15479
15480
15488
15489
15492
15503
15508
15510
15519
15552
15555
15583
15599
15616
15617
15618
15623
15630
15657
15660
15673
15690
15720
15731
15773
15777
15787
15794
15797
15811
15812
15818
15819
15820
15821
15822
15823
15824
15825
15833
15845
15846
15847
15848
15857
15860
15861
15864
15866
15875
15886
15891
15893
15902
15903
15905
15906
15955
15956
15957
15958
15959
15960
16105
16111
16113
16114
16117
16118
16134
16135
16142
16143
16154
16155
16162
16163
16165
16166
16168
16169
16171
16172
16177
16179
16215
16216
16217
16218
16219
16220
16234
16235
16236
16237
16238
16239
16243
16245
16246
16270
16272
16291
16294
16353
16354
16357
16358
16359
16360
16394
16395
16410
16411
16448
16449
16490
16491
16492
16493
16496
16497
16500
16506
16507
16508
16509
16522
16524
16525
16526
16527
16528
16529
16531
16533
16534
16539
16544
16545
16548
16684
16685
16700
16701
16703
16704
16802
16803
16818
16819
16821
16822
16828
16829
16844
16845
16847
16848
16946
16947
16995
16996
16997
17012
17013
17015
17016
17229
17540
17541
17595
17596
17597
17612
17613
17615
17616
17622
17623
17638
17639
17641
17642
17646
17656
17667
17670
17671
17680
17683
17720
17721
17722
17724
17726
17728
17729
17730
17731
17732
17734
17835
17906
17932
18060
18091
18094
18155
18259
18281
18284
18285
18512
18572
18624
18710
19300
19328
19579
19875
20008
20059
20162
20163
20178
20179
20216
20217
20690
20691
20706
20707
20709
20710
20861
20862
20877
20878
20880
20881
21087
21089
21122
21123
21124
21125
21138
21139
21140
21141
21154
21158
21159
21160
21161
21169
21176
21177
21180
21188
21233
21390
21473
21483
21492
21493
21507
21584
21589
21634
21635
21642
21650
21651
21666
21667
21669
21670
21690
21691
21706
21707
21709
21710
21726
21727
21731
21793
21798
21799
21804
21808
21809
21818
21819
21821
21822
21829
21837
21838
21840
21841
21863
21876
21878
21879
21894
21895
21897
21898
21908
21970
21972
21974
21976
22051
22076
22077
22208
22600
22628
22660
22661
22689
22713
22720
22721
22966
23572
23584
23660
23692
23693
23940
24026
24027
24042
24043
24080
24081
24554
24555
24570
24571
24573
24574
24725
24726
24741
24742
24744
24745
24917
24924
24951
24952
24953
24957
24958
24961
24963
24986
24987
24988
24989
24997
25002
25003
25004
25005
25018
25022
25023
25025
25040
25041
25044
25264
25346
25357
25378
25381
25506
25514
25515
25530
25531
25533
25534
25554
25555
25570
25571
25573
25574
25590
25672
25673
25683
25685
25686
25697
25699
25700
25701
25702
25704
25705
25726
25727
25740
25742
25743
25758
25759
25761
25762
25781
25784
25788
25814
25824
25827
26180
26208
26361
26600
26604
26744
26777
26829
26840
26842
26864
27227
27297
27559
27645
27660
27663
27694
27740
27972
28281
28336
28346
28364
28372
28375
28382
28414
28494
28495
28602
28631
28803
28833
28846
28864
28894
28900
28948
29076
29077
29078
29079
29080
29081
29082
29083
29084
29085
29086
29087
29088
29089
29090
29091
29092
29093
29094
29095
29096
29097
29098
29099
29128
29132
29169
29170
29171
29172
29173
29174
29175
29176
29177
29178
29179
29180
29181
29182
29183
29184
29185
29186
29187
29188
29189
29212
29246
29306
29307
29308
29309
29378
29379
29380
29381
29390
29424
29428
29440
29486
29514
29515
29516
29517
29518
29519
29520
29521
29522
29523
29524
29525
29526
29527
29528
29529
29530
29531
29558
29698
29746
29774
29775
29776
29777
29812
29836
29894
29895
29896
29897
29908
29909
30129
30224
30250
30259
30320
30322
30443
30470
30479
30498
30507
30528
30560
30610
30820
30899
30994
31006
31015
31155
31215
31226
31227
31228
31229
31238
31239
31240
31241
31246
31247
31258
31259
31283
31286
31294
31295
31432
31472
31529
31538
31635
31713
31798
31816
31856
31870
31918
31930
31948
31954
