# T(alpha)/(2*pi) = sum_{n>=0} b(n)*(alpha/8)^n
# Model: alpha=2lambda+lambda^2(-1+cos4phi)+lambda^3(1+cos6phi)
# Generated by src/fast_square_hexagon_period.py via exact finite-sum Lagrange inversion
0 1
1 4
2 12
3 80
4 1300
5 15120
6 178416
7 2595648
8 33863940
9 363277200
10 3923876528
11 50121484608
12 666744797264
13 8374889427520
14 104141663824320
15 1335400062835968
16 17149757356903140
17 216626798501577360
18 2752698577864686000
19 35638699191756091200
20 463042819054391138640
21 5977758399842684558400
22 77219914485124941067200
23 1003554381185067923078400
24 13070935657470953530803600
25 170137165196700672838590528
26 2218202622384574294136445120
27 29007391363178597007267462400
28 379821722235920653377611192640
29 4974393431702812678088063965440
30 65216454294931106440552582141696
31 856402499349170485296991456523264
32 11257986279419168395233965350640292
33 148089870099653939188237726331222160
34 1949707369158174721695106817120622000
35 25695286130847556625757527498157179712
36 338906961341392719152554435299501319632
37 4472834952743518153212821494718637486656
38 59073236767818009847443948706038286073280
39 780763610806773598979647851483425320551680
40 10325900691277095608463981375807262631356432
41 136641893454476143998850286041485007394879040
42 1809213502984875562212755227649332025173529280
43 23968702551543182012663143255904917342412678400
44 317708059217161171606329311810413130322413870400
45 4213324222434401421513969618002582088123862145280
46 55902396202923587257241282196822509003103045523200
47 742060910807197314855830564951754529037991371289600
48 9854639401245238376818797648323188194296652454006800
49 130925425488911011817120176069606543487110764526171200
50 1740138510846210890463406840731915396825827606774437056
51 23137400085711095928790477996724095239281200569165341952
52 307757485905683201911193508764486077061699908875642712896
53 4095049492414476323456397555255580968518387098773055514880
54 54508090774016304431430155909789516315448182279065810179840
55 725786693938034630819675131346264565795152350389402990007296
56 9667132514536425793199920613296668058283522497510324905671232
57 128801761431941683056730221612036072116667043945169756873584896
58 1716630969823913247355906695976355919980698015670585207576359680
59 22885415969690781361983643924336701894286642070791934719938278400
60 305184914801966545362618690070504345713991142611263919369377981696
61 4070854747021353262150819621976796766793616518953965326651729765376
62 54315365271991711806290796466947745096474580777910289871553371102208
63 724887775787105820270209959421588392482650472641935139008644988784640
64 9676678562693147443665051823195826397267295774178388276721282204322340
65 129206984154865359443668082793218346478939719994347226473541249601651856
66 1725625994285944707779948634687366236402905006898574650432570397227763120
67 23051828253591052714056909235567707046914576122571833678033924279458040640
68 308006015651589206834631951850328255008904041731296692166364430315642376400
69 4116284473098205067670850691948441088535447950797402096297794835288798414400
70 55022623617706567792498840771314215811671471400136532645780793493304840210880
71 735638452505048847776052930848530025935638304933609710477684947951065107559680
72 9837218958397797062802708612929990150477100782622585271865126103560633055165840
73 131571770536549941730592062043261793573298766049877911816981054474953561544283200
74 1760083783484678762843803057949803948092508987663839552239708276166124236924484800
75 23549520611603220299891132652704034011021438708197816939232982759166357148290129152
76 315142409848261036530597146696344467211043204992020761024223286803356212584849168192
77 4217991593479448826069225695007053556079294656261483662416860942242863265406820106496
78 56464664110788456919881597909759308196776968810839371993365460249306975079542786338560
79 755993644520279794576122696058736400758161725130829736180286729221198961752833185797120
80 10123440592532239981361263771340812106050635613780502923818892769177736978151263207554448
81 135582937498579915246521100922417761329215534600977461204745431910702445003751914070032960
82 1816131184451784571222645610502875520998581860279041615362214094922788021935918029965618880
83 24330615617236905892883064833522898502957339377329917480540817839429212409774720347303763200
84 326002679317615506065755922129574170819358096347069379307855148998941364016834319862364616000
85 4368677329828222699306099419788902685438725687482834658469622155291495208577285292654227779840
86 58551508077064218188415098601176683693520566357432685477135347596251870819972780382522498666240
87 784845471260964799896267727025818496939574203938068571129473701361395215278173665684969822417920
88 10521723058485264556290682482409206777546012629031159891494966404796921849185179927144833651841600
89 141073338349138905254526693784595056399961038826212638914851362232609216848922482043969095022137600
90 1891721319863604450053039457545854243901834877215371269990590362404916706046152722618364259905360640
91 25370108368337326277303414516205907779447226612352924728147068001365635275370939000509555437986329600
92 340282241725948338070994012407696368537318735372747926054651492389234109248992684448770987694087968000
93 4564644229478248125697992035163357175531134148353671841997544593037913788354500149720367271627751040000
94 61238450230710601041832113666000253668469886980883521901750160008324149068785207040818343998059919744000
95 821655967429082985094815258164180109334716515040328688782177131314479017801961619339945748456218033049600
96 11025629386561010081065032524484195341235435083365200044222131129878227320850527128794463238932097084822800
97 147966479439569711486333408195264366088227572673412284758813455350918670666676816791357782086979260443278400
98 1985952770855842713818962659441529733582877423835939622236721744644848826288807191317410649303344253204088000
99 26657486317741331592366995962991920874980694938308397217461608427196566294510995274972125555758237280438048000
100 357860104266668454865201456147591550443721328383391289630664747769345935851704875301196154488128888681332592960
101 4804523441638822604204102727377559373125364018802028600915880926021851856334458079005433970626984986690333692160
102 64510357883554626023617732560268554982215599265427783827732854870158718078926601601500648465013913311041381134080
103 866263210969048262696592615350431414171219504688072107428666020043772043097747067442304526665742930462945879372800
104 11633510396535918128182502033215225028093652745814022898155187880522150145944675780254675562351735998436223505665600
105 156246901876827251558618279417682247157597327874714264505587809908220830754153808974469400228666461044537532124074240
106 2098703173980563615198706285297242800989270562389413036626267857083798927071039422174146831458168772055024764387193600
107 28192193535356145301798172095540407971210544971302830757407709345852158921454530989641309155919776860284179254783308800
108 378742684741950607335505643444435972333899848083150965777829691896982207811918273533169639019740098025837636641175072000
109 5088578596225016352017254381526306829627371513650015145068577443527676181795563222368348161413833149543107451753480832000
110 68373041435886771620140947979841143305615120993190418131906806913319039759910469839743941217465848526677027043366547225600
111 918774299840820902977436061433646941928226911940272070633944031850763464001411352388629912274401025630685507725644734156800
112 12347176925164469593145246439139191057354142822711542765140281135419309616050303630717754466112603651725291662409833265806400
113 165943704194023511611328073981864378013796388506447018525409968586349005509039565159508205775938033678388742134382029564576000
114 2230424691754455366722261311309541973092762724829336109883685570539098446314463611007467036590579986911940528253301478317024000
115 29981091391430535903129533095254683339542528223180703905239770985563587508507542656324001405472585919595539559053905949382169600
116 403032280585955839726746539387575316003353783672079765065882112854814640764079772961594440933277308633198628710276437954211257600
117 5418314256414905679434225649120363815625061188885821066310752177269176771894784858794128492244611540312162225613347571093627724800
118 72848392153591680710321073225975747613478941445205749450383585433129825671244201712784616305927326146850065869155886238510434688000
119 979504976123149459937017847067138805487750461460692694003864987577737518724800310448100917690876522714251191115746446085520282112000
120 13171150216424962706574122250544186256704518594525703227165664695621621119432398624233313192257315784482150859626612711637782049491200
121 177121237436880290752222208260131210893273913442121957618149802662774673164250895620262627172557225761018999208229592351314381035750400
122 2382028545036981010370573540875381313009903572774387735051102129857134617259260634208359003357403035516392484649762291156240505215667200
123 32037026234283038464338825808701050426700656670777351401701041290646543810695657807602196687591231215039196461478214477700807909827072000
124 430909310278671617530677201452097827381337382460096277489377638565548743425822449553028862532345416197333793724527578399373711905842304000
125 5796255872627606756103576528108491752089599652463234453560134042735533875603177410397511922493876873749679387022375455374391593602040696832
126 77971657559427529028941715294379330065006615973108486757255813131605830471715751297896782039684658057740659724249770215436545965973512876032
127 1048945918837799963825994544118907484470399472182330581281926137084708149949072870245841320599518494093658134886001840273473595248607775113216
128 14112245338313282068809540269743689288962248371721953989846473257064188875546174110968165862309966762124740458954648869176149818637444197869860
129 189873962739407142380231452025222187030674849155265254457697584692489822376514089842156729486673972577051079765873806869175307895402638280088720
130 2554821620505481940748129493886745526657719576323800192712742022666571677774953262101575210462793391492409472532145453402036551550304433169827248
131 34378049168821102568239596551380249332391271681222967385499077897162691027466413961891523526513391885055356183790130804749301172251307960615017280
132 462622728205361091696484346116435563096442545332548148869616108911618243969726617244790372372092079681546120835681271793024075584717382010322284240
133 6225832278181178006030504095645969610956745610652804174559508331631900505216304517106870183943644094629069461839584425188580074414298648983269019200
134 83790004494985413835486736415111777395859412821590112430334957122207255874082866218106005696336622956967710420779731051257528139304129999535834776000
135 1127745222149552758833600029546946797487807887269308641643850545126140047267033092679926142696957579953769380424089745698625083710612042328627024057600
136 15179358236302516395617960943764338156133851529789274244444713197752700689995384629452556947395917512511740083358420119348492137088105491681824094470800
137 204323873422482819800842939019655914453501260521328032420990332140320168032769567581731358451883949126607918770170839569183840762270820940985652461582400
138 2750475406169127436479726380293678484037669465139791985180838200240742387321588583242067612220808199691578415364241457983337512387433334163731649817233600
139 37027043759089673368148712318368177200368061153154920531739849410914766698135325522998187434701620043190364277761419641578240425936369904547684404280044800
140 498485591923894946539651712285069926112270133709537859808077534666057573562069031242031489344201980886448403117358747796281503025567497671299152742242399040
141 6711323329257819737139390737754587030558952977503102674217942755849322947086202369144966657082426660735939431269440414243283537066294695377006254462124437760
142 90361906669062082099391957536351936176413136754227429964722422879232271199798254429326386842888989439198059585579584968810502019177089282989877404936796225280
143 1216701319253714026759993118136466014482343933807871974995864648809381573720884181021166646065504985467784366149231960584554473287342104293421044253771547776000
144 16383385264364143829599461594046177411976026583247060659161905794680858553523316236540157136710769941112093873413103025036953654678891511362383610967102752355600
145 220619599010714875937441614926786063743621780804755928304103156903359553503603381496839269964425686773227490864564187740991509210388449754740535017922201340850240
146 2971016303096255877907734919514168651844102807529433477061860682222499648931666510780116925304540057610582610063572303318582826196744214068431013113611999016736960
147 40011625704013076153206683160772810785123308215002956482563681538338074216954552060251609561448549429619475881448900861597080541999544472274230686306655639571969280
148 538874093582614513249738345635514620555839647250054116412748593717704284715136457854556478017199457481404192619376869957930912447195401782628692632613704026961134400
149 7257851717031007297628137983429213424068278811272351960185037297028613656388189413681372074495278682589379535893156402723970369605923026973628037164503887935573920000
150 97757096087527165896790547074883012497888625358796845723196887962932254683666122352453773781575206342036146618328134637499930640000937865666057445700860807182739126016
151 1316763112694739794018181492100834503926528684035896168535695145903801745736991605950264004078298681681255296774078881919390646913851376902450571248043938717877206569984
152 17737234920357968277685450143777087795949719702292161956500181549494508926839311349194837869210650690019857300384141734897690652787670770701454312433899895559598642009152
153 238936690350384341983800665471897419763999917341287951723684981426148420036899797388857536885968249445411490697695043693668776842752979270288034680234093328433265589991680
154 3218831084336231973073686426437317065597441587147427511401680637118444188568943764135416223900506506522449880100463182049310850730959527641290827496226553754742557097593600
155 43364237000695253569390312783575522189052856471530501756632832912599407406749312426365836083964800205026561009407572173300523726863180828697236300963069756266727588053079040
156 584229091513306147167947613610369581683533002953712754405161154762259503656743567173953738507473426525924059842144320060137423114343338787022101062381684276856854871670963456
157 7871406958758012650928991995908841504959170593713044887484278627138289227187498211511417799317695128261180928424125062799458852997929285414181289434974167240839585423809594368
158 106056929151053516024843774388518684762970496968240974039475839826911435734494618790367425439940347174412375610343083978049019335407286681099251210235812362892898291877618416640
159 1429035454741755103649593667247216766151470463930948436802412651348030579856208976644491321001753002281888932273602997841105563098009208074987277382881399745218339025757172224000
160 19255908692649233048073226968657065979985564236488815227682846287697091177844165878981617141615935135309694898573817634224695501988414483226728560194171157239932749086438829512848
161 259478798594232416197432121786015325802527647315085624429192911565898135957172891521838417912466576295382546827583573951676834364774643277671127024581685651826887331089684323531328
162 3496683929141198470365577979899207089359661147002142237402790142730782988195351843104113717978243524294694280615027911499970553145867640118599411476396155099493500313932544483385024
163 47122390189287926556117117785654851934939664721955127432561474861152668257218965086719483118471552326408368137797731835930388996595445317180081212978629268289485374179412517700005120
164 635059590133422364183210321933598567326332383206424032923376661552454482546632082367725919401222368210024166538579725894914353393969012708717677425872166932851377909925558079707430720
165 8558894712320910376697327372857231178741141904086663651103513974798956213609049124483456276558998440030074391747016173091771229804494311244134896526990949795776791179271915548581456128
166 115355082302194190448668283581493637246424190952785144901214371851442299207569331897830577112205629716281758484227195421917819283973565932761805613305864189559891884332353899368469845760
167 1554788921626959643012552818642933932518003044531719187286503656374804560271529506456749967025670245071518426230215128184839480819356544635980379327918583214054663095359437016967412945920
168 20956637921510389798005653830060657572823888616330626560219901996978365580288485226038298533658594901161985528766167809524016163743364414735710913562323014888737985354595612512549006401600
169 282479585796607887067095589378354630007489490469483971700603957141543460246874952188895713098579572165254609979620297165466080429196538197951430822832702122656653899692530813856437320505600
170 3807743024167134142434652382895844413722615599608896417451444600052574303692666431133554148673949338782944454173092602225338580692648939881242122787478639835204801597850399689143916144741120
171 51329037849093746652458439183268024309565642744049632687172111129496462738850040433015779610921252632885801708924850658288823745828937186622874418944798632910016263426851229995476779957785600
172 691947861553034366866282300211336140967589434939370236397219456847265827451406395749370926667013965568073047017237895681732657671113641930739945221198513855778952817178836707931549385592812800
173 9328207633802835193690016460191930584324455126510752183162187664304645436640908966054978889712516285036164575787717730880368763486682403532492756132898067836708485587323455030338444175382963200
174 125758530687709842453955828893886524566788670995259371156454938779903733937692854407796359096927985957343422103798470085072514898124680901661991636954425150325880266148662865615061078555229772800
175 1695473309948484532040607963534706896454620107761042707158086005574362887724887326981606383297478652465435848645300135236116085884729242776868207380673366322080206877903159351566281038843230081024
176 22859069667186047512802884815566735666077813221905459275863743311155617973193229916934236897824079658152163940295979582306065183262585322158966306473661586175539520830367697308173260110654713222208
177 308205281429180024627001014356692384814114527012805425652201971201629339161033059701364471123144545911869668210268332683396875493299499344177488485386054912935584103533762965909458195907250830614784
178 4155615686989337674917472010801835949600566778108095526150128306409240362114014281874574719972209304729518340471810429876901457350836171494118027535303532276935834200950694272305317175782523951563520
179 56033054653630233755425092605727452634357725848002846803297490085310885831437571519846822809614788616676324942142473930004629372019134651701924343842180954938326316690798177864769100761073294962447360
180 755556055294780551652195353281318578842016157633383173892159567606621212115960009455072465006695515346561476683066998676724476617383686707395666743529877900458964760461541884894400914354522979995491584
181 10188315928158348756065012672646874947640270325832166668550588150515497383643096552882896184060317217616324669096451066050587862753266564949869621259322653845377980430938345353887653350045248930857673728
182 137388787678099367163123898991027772919290850411413974512652450326600121982470534749806329590097000165701107934007307871640122801654727914792254699574667435684318842079881548207819197686509317633088297984
183 1852734591598351731597219839733318116860949786740844813810097016347444188569914752553376820447841807550065128606186939409666021420658521021847849109600408239828221007633998148842812617716310120185812766720
184 24985498473073260881640426792158554059243227929819615621707767028684317044641612687905162792311698093190242091514696562001509420306880473571246508659930119167254966967301983666339370766960586827567448889600
185 336957848458140794039834230559215392206250991616820025681446593628290612801937606060557615876941845976466311817551745746012629104525390215501556915513227820442821120315426965679211809443901281881991470941184
186 4544391592361747913835653979937408393736955068508972821860806175289963811782733822964128545249410315248771104981428940936659619077367769787779095820644595423161588905660927700397388048205175671585630988667904
187 61289827220591666571809971769991388264376771115157372208475901232159050965699294032556773755622063323016643739064946819191741582517303045437433029615943392800984597036734525317434817391037515577517640654508032
188 826634243185308082737961082921756642638355098077503564837036255451443497704522141340658762548660699689233295423543752161303453867404257854152060311068936068400344089948625907117512763477325574232609067160130560
189 11149377022043023834375725341782966540822788372641936228562070629955993240166337371353640872199283180200788194082375786769908713021968091881372880220203687296844540227781336691090319781543158517555555261512847360
190 150383399355159545048735428389088637527027722878143749691729959181938089545281199548353410206000468087323144049179816022142368158339239993606586028643730065843077230318231850409248361368538879733522286397550260224
191 2028435270722812149695898586311482594323647335506670062920177081125252246475609018574636639136658137363066780843697964116971768304762740691869602923110883080486062009624712476839642687635859646934403325056516833280
192 27361143552704238404428043777674613404702600765129187204936537325881443237408108059633613538186149106473372191329372923304334836117984958196010201667992048849588579049809663466386527768126727701887928895469596466960
193 369078756310662667008719684020798595830406018037922522805794996422479338613566124241321556518268190092435077920838815484333175748163232130027502238397208330748998009309721151042074344990970453114234959748980418497600
194 4978694111918169737090615259150961439985489882832360137220316167990106953855681048840945555587280647045009759893936224328895914600700916366174967940849126596845658246348266169754782352047445313215332331593054808081600
195 67161952494250020397388849803704000393170718854927016724106389861845742122505849315461066043068044603756299475945110622823846093118074792756974925700720284901626883400267664885165100525364438455839161216715414253221120
196 906029916900183086350914327957536534223038557385543216417026587422569267699129238782440973522858616921649726078016594669561700721410728972743225370849469096245050658948310181043921595960135482617393913166747459603584320
197 12222864690336293157871305316672173474285844351253667087277550170593481432287107303464659879675700904906208918970353405384231832235764953338510799942096027621514231259950791488820353988712196678307023295583932245524988160
198 164897699656611037731371396645863185041018872826849272552142967096821571484620036656258929999561066799017230637913818268364087668623219653477351534406657722095535865835512905028787720136763918276106721660161932886458924800
199 2224678234936574990092199568938930343990223680690834227097901403343576909596056020755121591044744283961015664801507074067421959966595274984982705162650789194952172442378450827382534772255584522254635925804406047386137523200
200 30014472841590766327266959627344727864321244442389946960287696137079901863086405930588139825570836838706864327139266085811259989600174211020092870746283819093788475935301840320454866183293117125150480781223915412412515047488
201 404953382679486221695340747649727475577315973690884906316253784307271148036377500194380791203735786681864678532461108325004685835286049844832161819430650649666726932608211147532344903700464241356584770360232430645505309284608
202 5463740095382068845743109326457419675279245001919159889030308471556635717277411937403634316722482970916811496931402881112423815646413381070374630433011304366468521817428594219528294086855210540192944015961175466162748361231104
203 73720049493711755759077173433201122555978091937739866989306193013970199827421037126298361579049950224005990239815000705704584372029307505834216968402518947899926505661228058495672443964024876550092161185614305803539714060784640
204 994699008569218061339312738333622870332729125489559897243213792325857484148432030586290744525233071776036973309261799188597221099764673147044632921540277867706341072839792383690404827434462450464340717370779832061211768448206080
205 13421718652605956295738320073317199211215200418281553225330364963709521633328250602356843363519828796870827610921749545831170269352126562387073537309990378848337194278073742880295747349287512609392915060203590297638440064337912832
206 181106840736267654129666596151328093436300137897994714710925052037852703224696948717664105535849010863159359104848766996754638525293592151977804894031156922967783635756916960951596043175656896138380830297726336392160323776963189760
207 2443834308045623075935968355352772623314790572410902850842548975645162794340065104050925944424462926760717154838478030637033111801171426333251716142686981200438486302250283026249199171300350784723543295403388616030824028587474145280
208 32977576848786911326578134172992646398620951941400790751798083251285303516170831014597683402928396752226554096710141635433567797993937931035771875362604206372546278954334366122301302518121726829410131544154953714591258642024472257600
209 445016085536882038043775523234123997890823710219902154530511542186210279590679525678217606330271266001611387234667111823189275570713702191495794604819680247460859454589903784642448149297650186161034728931148866594143456887053087392000
210 6005408674196615186258246987046811668757211108742534110510618077387765663182101450631550503899332149145814704150659241739687724586720140364303912504894418463027076076129012720332018402220854402145486375647777334285039420625677723493120
211 81043692556140544990899963728215718662262256118888475139828966615271643941436124106730914261502208744258645198326122574513512441043435960373361208155356366040038753560032920403058308708180379009012654173562300198947774548543150816875520
212 1093718547859921742478284130070147981304110619495403906268440938518917307726539812417358728946463719703546656936972184649302626392123047671453449259484673839749408923491646090389592759466110880497536095492407605575500353947913436427644160
213 14760516217770141084984590595928150820081567659300960403866309245465090499103450176502404894739375294099492083780795749400361372144781712682919271546566705590835572134312604154714149883190230926041554296566385684557405097899604254907212800
214 199208120450767145311183833263565905550411216544888473316098940743266332791773645992526830057534641575693920031297241626785723893770841834582019864882713746891725897001988391633246045144467404317483980833244296210863702053295179505196620800
215 2688573807840412048424336065757201829311109078964648507332479023686417898599380107728489438348923647289633488568031614210019751032997145649419584419185337255823777546579623316416112854270872412729903829187970338410494096512140589171714641920
216 36286596506012786774611822630423245482887402860364601010742140089757722282203819466678759603370202852359782291001139202810870086247652041497478110504959192096918287605553107395217263275282987522496406654087947004157183798804764432983113990400
217 489756003311790346456350775378058787619678545481451526135485959816214494491362179087499623123037842687737899641961634225252987587703285339773209105323067269550884454769120789562262400935085851621113168864867153031973642486416411105861638988800
218 6610319886463077599141405779575547298492321218134383026849144765190383125315720045131688852465270489191001780043734466800007918440027791570188479418158121332066697751773365990317161469540034018966348436379051772559282148645380612904179358592000
219 89222477072617470630457456691655913153219390250792090117349653244522157708163673747001985675015749831166761819920446382747466274083495651104513238917665999052591949370938681097001781153854721404950330647018491222582115594901070403287485895168000
220 1204301106749342567507893170194354453337748519430226782007634235592080362166389390850581089460326620898897082806670361885193666770816454954862320566715950895042704604621496346125758930268669232475799354360899135897113512824116712020428584459187200
221 16255668053668088318590610401291189973035601149165527839516190236301583681898061272931014721474815902905307120913413472719630949740321256870892385213397617746555345578082763422644758334626406083348117818028948277768696889391384137294613714109337600
222 219423635465217721744646777990895931450518397064315664458685703927058834906233896331598929727868336151082149305919355841654654915402412986210475516019804448475427852920661694355186541364257617366116298898587342934833639769620525736956467238486732800
223 2961902499509048331250340668739380266279088726853882803325033101746927323629326760786959067556094032188970157631532237780741551920506142664520481494463146463959706096465531421883542354420882995254048577932036283756735453716575189784763946389620736000
224 39982210363109610333868190484310235848508528841919600010911168136050173588582862815125961500798080852345699471388574993271534705044962832776476788773906133763705802194463362517881037377234555903339489096750954803815931625257367546209388693493687976000
225 539723656426967015052593008180939713913196945926655475820953322109702125784039790222961576785096514866297349201972805442660950021005089535281000567216301037347541365775783251953084385178263615058494213977230830490767516496677713006808685390704343589120
226 7285924124152221711386699275459410965150695091343981887046761786930665547346308013810849866969890691917818508921272756472681919114338059398328355916695148893184829698690109295584178143114479765671851991861912673318371473731462261586793784628890555032320
227 98357231395761131096416882648750726716505864048617888422135030163364757589116904742502974847815031536246477221840463321925346605024096201146727253169985001023547570875582701728985543163515110033568865150706800519094549562963758063609892393750862971868160
228 1327811218808547352292770617861869461384278316964952622943507715124608966290098320247628665925636207579794278838136130226426322478554641431714042319964172622475071686232806121753206384115300433160925474505402748338013247944447896175727920741730806609081600
229 17925640631680098971380774679214318958260973034142054397991023106838207046884306371518698142668581772029176694427179913161483740296538701025513965506559609820362676219929327170892228098188758965334353685709299711499736051109945665064409239230867682737587200
230 242003294768951044074676214713139210246932346227505446596833345671099257819102955092154557584022605404321969128200851380642849817541451490163202105091593457099587920484415137641790231151550685887181897376877474834652677977840234157663138541286492335729146880
231 3267202419093404638437098585315879714185542576851440041932524926760912738365198863962356091755106649824935478704312975799882830025119678263558453411110308249416308209699981171408141542044947656670555327798794157630845654132053402021660957754501125243145932800
232 44110187596316600271129819620460628328198337249077858333666493616564959722959860737435641575297816478916290671061493141497663178916344261841912262551913323515953152957487183706943040657462777492737751240741318035477158455439568279024350697350407492017079814400
233 595538438299434153978165750635984998811879864523699699631455685661544150734589398604876284717239996885970775404741843146097994972062536073727160883631798000375971711653738209329934679013107549808219465585623003152580911680117564650895001028591362021749824128000
234 8040603602499878602485407538793697832729498858686437020317930243243433614705348042434561245286498839800784175195478498130644568153601631217411766540150482689648112019458988815417659415104678464470458157067404934553617695439867986400365421817768121989174914944000
235 108561391255313608408708850114847998515425153153656069597347601729618316595433151624808424757787373184388633604525511223071914874871616308313311974754654013341813977255403966361760647357944357895374688146187085076443647515290672872447303201275767214579149513216000
236 1465783995335478583075778148901788377569693609241404298187273575739631730474637590333974723680601985761237804626612511122564522190509566006682261880649597193344540826378614413156455810473182335857676020055086862194094914034058476638578747108216639268302126057190400
237 19791208371451758610522459145279838785736424809697820403377874616053140826792445937551129895953960732461829635274830220546343817564795177098922005065366242854726360930894618213186713813283443033900162486964834151278481903067509368216521566637570448083006887091507200
238 267228234747830875157762685268291755514537392493158534711938367624488260742924860944116080790376045810791297053633304463189827065976551856311005749919083766873432785066668048325906276905950973769817430369753660319070003106634384474904973716189470516527180630439424000
239 3608278126507297434581417145970354431086307561457672763164416036407652853888820897790949123380884542197695332840147564315307087338405540773482037460268438688728157724601330212314846764493149398264376598661957212971291242743125335587791267169211827414033497120163840000
240 48722014435938464088020055220225369436197725448039463051472531641216806647658983000831042246049072294404296114049664430519934710930654212669592372941534789246049668914683228225615057478463329313020596800603625276282450369848082631670496806091703267041257425412484256000
241 657897099190093690805664931716005852102959160357309375096295431276965802148998207595215886452520409267237421549068000102033233373963758045532749745458078062307668036304409281159102619167480849258096217920899507676301445827742441711997486057946469553417079892787531187200
242 8883787256464714089802520268078361542319294274661389956505943599574364686954385415536981092615779807105092068225503312070475767765497360913190513435751743478499112410667484960721517638265219607502034769383527335115756909992229332383339128110326589974360102549972523289600
243 119962555768241226455409475876328115463168072458551222507802490959955476000965015632151137002835650112298017011782109862851904318121397405939579467471071261632328928807588227928362751482885026904731825290319936359935395187645837697013654222284810018189290840297423090176000
244 1619946197594820003633310983431847610540622996647310426730288030036054497758712967972509996672045999213165175547173465279738941638325377253128817392569240480295186350394926184375727522885153731480811103688740247117786361447401064702585025436713213865758807516250417668224000
245 21875739006684607855767286202061387650180115141007604273192006066217419577098431941641266389270741600576288150580275962782014306622264843617541550124147111489716152451812326965739074627565212857010809808972092491678548240766857826718712576427275930391674570736380781658214400
246 295414683622897814074879372246840441641722023823845679975826639336850797772008546277519082214091271888124466345084626893579975753644047242317130117989357872925405162665486428085723756016593806193486836778039838970902474085983880578377874626235304696580675810089484137575116800
247 3989409037205311134781803629552211868666040756372181960934386860501214340198046287166652294103657258603587899639315766336328811132961535259765483753096730457210048145669801626309625047847071705082420309039127401675777715010435793364044398260832261114102891613220408247365222400
248 53875602824445779920619142316334401631318625493363174989852508647712976171186744051561535690846988799931560147894883631245094785345555275197765009025540063911320946108898869988370146390957201594477434169376408818620586297349370029180384449457358805015679279420419720373608064000
249 727583342491345723991819189077773391745599718094479853104080335832181422964304766776060044503299761826062765996637772415536132812278625940375766066308600264499872611796728623407276342774196296005193247434611903960426665473442436523967846378565327363448000635908116855034300928000
250 9826080687170723767046155618292505365426212090156657683775227373633214471225907434702044899598685281191312992887300412787194054685648289884701743854089961473016450078954025022772025939911230474423224255327352965424568351022363386005833467375515940080635801705839353127191814942720
251 132704247065114728426328924959756521821031037030738018435877499401044968962904532345104560248982498826241913435892334070727370310286175735805380447384021943436830919368054062469493672163600344997979550860774212408680173635826999861519119872760254550755350185701178072688221738450944
252 1792240063948542477444560689035479886856856496759664127352123472930126613540001998862371335573754600238503526004574788842095148350660800785070237308316401809518804170924028351666652453765865747697509597802260384451694127034579340144899477835796187307849043964744143998603780371402752
253 24205516225351798913396480195035036285408622847765629157077395873597405902640554428200632720580974130621123622265362718209038538079838230529429468326800303058330963737909171438649449227677772299552565310353042966155511952088916494689025833981742411232958693146234691202190708166246400
254 326918330238472944295463929918294873743030082027324166116484254234549459383585684410451392188444101709866852053715008081733267062347013514308700181896250968375185100811049772097565639181980984417650985360062078993214664765076214958309438289100580276178952897407849197765152299995217920
255 4415408578268348392589463175033449458204179675766818066083506092484260788611617894796945279319775853449945986868344943446273110695522612499714667921408350992774463896762512862397942538421145781730724363680663539197601328734121266965325887024231824847819540906504712846414614126904803328
256 59636091419338815196007579895611591350514252997648239380691815675077632555821491363657412983240595850618789793224707224715872278014150755378346666492095847239980579465419862960496899038727689755892430445267263381819455615446180637373913822591231086653357439333856567711531270495048214308
257 805478670615165693806362630794704619065620272940435395454480681986901136418048472121331610447278496150482819909090135104137513443572479339547207873346298462066741829938934058085552930377836240558546946376087506184757469634576197174572628310381720348697124790222702992897886761581622267024
258 10879413018275102287291433679795997344431266182943168606226807768943339504628365080554230555392880610151510541587722780208167424051768261323751308085237023418553340115288059566838048641434346135732948252915108016812861998588959167092065859820778827675688305307579955847275141446735277196720
259 146947898751932085883005885130572033759054507322005499134775059289975331870817773351236612473623727804128042879414666516083680914375593265148763463530764478573603091480780172353465309939817100252464736317754439620346409395562026210529788586858636377837993035486503084628109546970215707425600
260 1984850233802945746990736769576154391150195833940768227247430413878621495537438764411286017005119544523780574140606433493923629587107760192645677208200310287986497932182110196962398788725801777815400137980145408831421241948729804087149701002648457390085358632785909951846963771331545838537424
261 26810104219923341427807692434222812206459552660946186359398114226747866088630116050373785734748882964103093831625473992452475455099628979504260763398837030945732645325339916677103059526161006640123460661587078386334270613173517152975075157635379787345285510253248628721525128742544262468083264
262 362139260041748328080560210719350698161994119371797536494420191564240075955153507433930387560717303561369096024466709785424376602915940046251552619827116645636304542103260435006790039227449175112955746103441498968405463810909051093298372713131068805267549521257960969892772252683294902969381312
263 4891691020770341877647628037776240865751059138445923234615491108734777599654225877308776797013270206224487097880576802151573921824442836925073768154018208289238891819587652083607708325275691278773422216505749196512830518963880267057983479848640056623606843479823928833884560430281133456521237760
264 66076750487713489518874277981692126318064470140463672682383502741171769520417560097839939694489650073145030391224024595317806822245831137738960565121638581689169150046295205634534421348787316720701434010351870973496286904195834364182968460619108771723341680202933545372482539253011630512527881360
265 892574636991133156706818268726987135354257135187321002175571497740897467886449740291185323563028498184323893277804302287641633675939955505255719248340138324686359995624323569139370545423840470908051431099150956825692439933744615811072162931014581429630237306404515868066004656483361073547985592384
266 12057202783518286303431201323738677271125867081599213977921967648669972462535274611023277014126365648440762580122828709333747567829199472778311830178271163692070652407321641407611574480262651581510339090070870586359121499210961783653189522190642764530130085983690532318278640311171248850231420633280
267 162875101956583872086509652869146071885401858366278142834496438720200760516962221092251336170969265985458425450355135979909130413128898258771738074566139228021590999044096483546265979143927201089229495770293000779964454247552525472030622369925827010800731074711393124467364258506456505427228054703360
268 2200234157990517701497083831112482285505963024494768387448001658899110276540273835948282590806941069652821007001841716335698948596696137847171652897577437612980092597685355083035762254431352901922732292102829478588977632402188648363260447667522950699339965765792761753630815847662780473006896954248000
269 29722759427615786907168398632317347769654674931135373334339229136208428005997657844647905515653964365628567573193811066085266125578557350357597339307017556891008371739357043395789347913310724574577527911239208409367786576263799250780256525114560491869552096626644757251979263686707471317847275964371200
270 401527529804597879052771048272959351517855014482952374280313184426216672199017199453374194546146565718843412948805895175791555497999015675781784811576891853068695752544338988969759779811956226392911741093652479482228095270284739033247657412433990574755037992608670099673111972245196444199293749668437760
271 5424346957991643267798669022246642424658448857328770387077033202650000277873781692060808971512636895393233658431713464715680782290816889208679195507659896674376868407341251338322844331676244006133202953387268338235084519914412125450724047690992177935988903131021987370166445719750342771477247743771612160
272 73280003830408215747571460416258163668245162047194548463223492868657603671469553413976180312553049928321692186054509728827417488435606708979138215742917767484295343233478348036375747485778418756151801751337652969012206430916252929546986012907961675208440755425019837864868282019720409630847241995973348880
273 989986682190477480148767456377174061691851334114932726652670006083265176919767166989742526500347317218099281535462121054067128719266211761649347674079206397249845817866583527913520945791307617372844733201195820029578116147587893605182199415711853910655767874045923324979821244064033198053524796339329217600
274 13374545257470039367673330386383911848302468626511227540784863941436012597751810724561031137958548078869050962203685976296557505328749265560615643763069686210154263155850171685596148780670121533268331508818133542888503236613037256342099932927176417211309711194328961921038842333266352259846888268250435396800
275 180690141640394472921825103528268876620159079571912783330190711155109432689811681788459067758928199095657114570997381443058252083827821404366035321833513307447285102949035422650733522093608569401349959093101780287030208946554944759484773917027037831592273727786487145688851905739921137255584840197033323889920
276 2441156438362454006445457853499951160829766390800632091236217902481364142818450512344270474359963597896856215030576044438518191729060150490309767846513678144025287337349875912734140453565276320434224346725276175337511544183115463282687659378907266970816028895749696882877639843060068451218112350203073086416704
277 32980895459527416994757052090392619932316397273482612606832460827213380435615504127870633276052992643243318961995917500822134477284940306753896102635541225178057367976722626082088672769682304627509148779678044807285940758499893850576102203949349036547118515258408322491829715709852456926846542363311705643800832
278 445589462360009376252255959133210817016543977860216103201889283364253897103435499119097958765592264174867317539355821611578044941814884858421091884328179979292288495467767901325112155870107533696640307254040808408814292475374844689328153933834936061749185313157741436950363768690301971808314835026563864750483200
279 6020228530529912300775423137793714547204221214597647563839772376274581332924157199043093854444918917360177773409142691466113830469432052522849166598741716223580929703849927403067797479914278744922617900557895445591051358141199095953173897736387078451426780429049166011125280671310858387972338876767231956374328320
280 81338582652068840846794005891706817649836559903749153105862032498597556718897416470348736240443516854882945379934373689979503675553935962208697558324356970337642628955117617607157279920361959311599273950235267174427006988090071173886850112562244028829213687181135551069626768608160964552114550288767490510738919488
281 1098969756249051608577415763707143156577766102515946148899645508658732819986658545711012180770144395198349778321303029444580649799082014501916298261339669729843602339913604946451276579204206841748791950023079402198084702981213891688121515888431413371704784657761195374117440988219884438267149288061837781373208144128
282 14848423966917691804067947767972387532691603138026734264852182699961070120148486568343380631661784452994542182693487162715603898583986060734092315779392463230812060897350333128926912279915369098111837942792406251712402336453846439860998689528697711585015707093574248808033371741570241102329676495549742697426960112384
283 200622860257759985239566527888789343359139151247629537298891615686929944208018508772189779057046699060806555924333091754832295087998111086488085003748938088151997242217270042413494655910155671935052232091183762675291677822575553894982760560201396907885926215797069211024430665207732101667652256959185090715617260344320
284 2710727598931098703421149511182281356547753841993030136370484960241179082989166723235325624560012893116322506658519260352694478517613147131530576659426035193431292374994757338932430509729439228361580833891221746649886799555134774841058545933753321984622297003148856250896200041277162160806885573709831301870783872544000
285 36626608023406967199179557593317045967642478636410367883251338830437090377686867715227644687133707956418789057063252559960727029853872103337295730599598142857006238005826666048862651308219904185601540622163894016497190234656641619477498593860796897612415349410093359063491564060826418814903609804894152330065393655809024
286 494894753529652111929607744007623848313242236082934794750697674531931711325686963542938326344094771211628524164500942553901896850565802658418794021326107331503809853695463746164650475598259240145249534921837290542200170144508141668178474786375677319525505915820421156721706977128627046874949832138458138942013331849329664
287 6687045646905246740396909028101507253931317462371963336396964664837896682060603564872315151353927454031431108524730628127443168111131594877524877430996384975788392663627264914688678754230912289140840911697391884973594267868082941151496816927202022616077347927211485850612529771274593968693874095497378539126622686584000512
288 90356828290034308248059026291650401481495807348774597308468129371910337371453201613201428092143624414837082816521948453081143090736801214354566517393593447504202728636982257697882936208087141732523324426217511275039796599638699845557595053664652427417271213937114891683220969068401462615159669929519207305991554735066092560
289 1220935956280467857491699946727897109781556222304150034866408614293278448205706777463520814881682852712176006044392946433779270217578215380775095839369907365905953690530196062178771963966116598328869516235448656112536439080041819963284948854846752804942700544565779988204457987180005686325728835840139792713684750127263287360
290 16497949485980189235999429902894419614078481381415789414084162331288788950066926076381385473486729245233959323552601440721719231030621404744015789995533487203161051217507004090069108414596021905596831601538504770510841526266234704938937620047364169591238406762383018857056928948116357945005399130675995299967964886262581840064
291 222931890795246880005164253884522625819702586288908828067900910244678798095452568449203601099002877124010401124603846775928583885393429668728893327396423059221450889467363602928084373008488961416356226047089452466498740681661694828102724629824252060503687571483382233291878211299135659960553479320826260554119932050210390017280
292 3012447857872235952497328097466732214104171044855869738694974599064673267996793650466918663128623934980763923822410775924773365352542493324660527577653486416567740711261245773542579282162093503501494262247238717755180897402079433129361584633736843361228292038494823628172196927953869798847719982489212221527957610119803768100160
293 40707267551213415213721558011197082180713600573696620086364316653248680647120570505576897104378462680868170774909891712024983265342722224081374756538826341326035301146071864226393023879844213854278036752959229609712337049772414694090059065957519759961573500660772264062307016195400572893223586470292374286200631136859541017452800
294 550084495687227548305696582036319050206169941630687078054511288019271908344987987213102340266279032445103824880062104505469607324127913808506394941916901145707982842019681745242374932090858580578842443768237952065451880547806160913792961680798657448393170786131922671566479544126059548144697294623072463455252973775201423056428800
295 7433474614309012892656678031064997069536216460525338068388496956269587391443703726312574338158120022988619797678587590848998655379035013422043470134942224648026516822723741130407412679686678710462947379831167716878344283454665942985328986806875028006797029020480508659302846861737799762207427352926964818192341741361555043418895360
296 100452162962583439027470297794862158958784371262206927061474057265327980770241907309868513316512424437265077091880253039966973097509100941395766025993742324459138335925170056907909542113945678254095625336695037500218395360701813874710832078051030090852276339638638096577883958047944895370814529324781170702395527187220373434788046400
297 1357474438894805464642718470786886233678424773371428831163399900325567137045745767033928977707079050852057430160306281266010350341906079237155044754974403017272503586965175368817149900227149887848378984185543490105675098898972096827019849524168386608282703348912781194016546432694894376373543243400583416774065704043385343655406547200
298 18344629029866247236705087240431250762713364169366095298331159321880082097883504761998248982947879687045082364577980725479348237887630228997730777095936618284148674071863145289092703392236210119300927558752316077064818879469906684526535991025196571313650326066697836140439865865789963177482981035320810721861491982787270885085641593600
299 247908306796426161092466890422278719822995091372165178223508092058182655496926785734284039215648900808539594942696850693361576224546372780632396363879637040669532704516374478876720862768352375872729326415688338545888785784316557108974556076118907161977406692728597615430145101007518891746196758382108343261037761333465488009371465446400
300 3350256545165256651383661828465629596096888822261579430678836365579054571920716936080447262759696257147821959947423668123489554807849610044396469339630921852124335722852897813818876694318883966552396578832540651212701055570176716963656235479823392752829159742759635640298057540505405699867389047242555981766100598011414127909774929489152
301 45276188264266421249489167855575516786628037273060808538549288452581220285478712631199821512868754178202405490248407958644963671117282671692739261929220605809940630511211993787429084311920074539580889719685558425957388697491181033729412598239272771263904898305344743553920343636321412405206000057666793179647146620737114602995935822398464
302 611880236232931704150955670876085197633871011585376524524234565382142650968244796564782455529606810134836820609877624097768469018666350844931828660053708392596132106043043240245724713240583702090305276081032678159559743280911561331826583412927114646178718258695259838586343242795046592330658563437351555761878906081942138514826194672745472
303 8269280781385284725583958112458485025740619003032711898047929800180732761970942858264841372757479285978024695371010042434654117851359145965009629101732861174100997819005273539542056485210071049142710682108815351897565428561423974384793005782323772748053241961124375126691284184413654670466615521171693531204277820879809703998545184075304960
304 111756750231976385713530159531249836558464112878821208256806223469509982289419273363272562344021452373868471244805440060385542502541609042482047520373310985204359202251637907632882203339578185223629569347512434527782298942294307611529015511584104285164337977971966433134574893936200926163422901368069648816835623971258829009216431110681775680
305 1510373901256940420718456283153351381387944290455021392065990608001476781882776262927989957799667668630347330992219884081904279751865671936248560122936990942753612430340988502543934043762855996848332277937531466915979108204677991855702235363362488474486658404693078275610335995745634709046433764590398126002704912739473507578598479405093390592
306 20412670826825951758339865174818910017429001312747412950964585714609567581030490448517491092953638960307975377359303237344877050097203636801649013398445603639306424755873023236016387212350793424352673893852093728135486173315559861904345004011945340361805567088594611804721319082173677381781741008632117612818753462513544094948577447250536463104
307 275879743269341590408096991745439905748995104197191589557815044686365594756198772197570601900147618219783069319368902051453023147709789184537151916852821033576621848356108114099735612916323984768069783895013421029347212250797511463677926799821538190811228727631744893492355180834057625362882035433385262141309664030972820052419676245761277555712
308 3728587895819138332897481558038696636788126735718746963023350889653040630372525362721984985256118387513792076266244021358423108471169858640149199807314326557982202893563087290381540902054034216257796092959594953756780178734403909747193232524506563587660693439223997571203647521853635023339486596837502966816817216570223662185802994734836659528960
309 50393383561935874682964700525940907794633366709200812949416145450755457363488552810369444244298348098479730303735641232257181410012863182268961382518433453539080274162499543909069497734557154112277413809296246245395597839296555348990032986782151317290508153508616967294906157896951124827994012303857023027373164506287749481294787476517735040844800
310 681094204867521050720692024511024877233237551473531959937283211464705511976685436773071553872643389795356645135165314678357271373422093571686340676761943196797037023487101330017681941317525685538622601038220406927719776757972709517999047021288837826034405212035237162885261244691109085817265104037456493242641001298052280865354632396803059544128512
311 9205457006332576743736646441002048105626622653675103293166888398526225639736315092189063919037726816723357830665268809523712892535008991893500840040532051628880961898125955249457820848153344698638889667254731924719123278308492919954942125506978382337851627214964942820135926186976548603270886308432682402130615838336272794032735938170289238912847872
312 124419369740055090743957630421444775122298135277041651277061889326996571658302542924030032835862364918249545850224709714389314102974525612957000112341284561690985537242038410094682044912778195759145719246412067647906839832720823873369216056262914810586385922816245551981772136686636142553546849565958027435358343146416401683166244562057190863687557376
313 1681647963374881012891581644413822137275014447180051128783692790319573366716339287736718657328530763928715042110512190737795726595987481535712961150439649123360885178158374463515057801063853237646115634678368775504785571649405185613317657319107401993249176169368756562211668063667179666791900914069245949657436784610955884893484443819932299721815598080
314 22729327772617308082939890679210541373359949360885791647900840587864586713268445068106171201465904568621656282530662184290974886082286445786886209535832857879683042132771098084883672881985673011523379376098126974138839023111439877926122049134605755252639220802366770701899185210058010448147033061066060715674998657254487055598325396439133694609607060480
315 307215049479162255885880712273647108626382961717422533519612015813800063063474261363178367392504958210452329974209627192401996362601471592760817506026372252068430385755674989204906768630713760532457179960222991500913793740068550385811733402988603457672418305851032643498441194205027399259722315693261509403512758907682046235352315261528292067564341317632
316 4152434044846965437414533856164225178067201534738165593201215112462354707517446253084845325261917763819415109651847353291586656317845563529058501396698915681524569300130879178316076469906630632658075502230042472876550204630332887002732844087272453371778620129928235262111447290026374254440851289320049712853097460475928007911714934107914258795262331581440
317 56126418922638702576371377236402315309142411808880213507163175028601972014254758475295113742151723986213153866201870103170144540930215717997888474491493413155406559279976022021524287039783393373738426588869045531314598052007828427856460527336689940876680630099310852853664541270142139594923363579023912026031418795696908121151092358362581542467790780436480
318 758640861195797564456807104962924651069300830757231488580839022232227345177601702174194540419094305553513237104132955435475762351449186180230061054830291897825631786117359013142423022069189456702077086584307678172827762534377482783246253359891076768155050497910998869759675582078926841113869605527919330159537550806839911819818133250687341673510960177868800
319 10254380002494883469652349210624696485498986322332825522028688728432846367647405493457677168732113753762916050015389380677494237386601777068681308743641129991643033035092771393284836019478400306615221465647185375602743599562960785509891617209256002975422260936383220654996192281834460252392871115205078265781622147235494179439437245873235299272998315660492800
320 138607534008891058456291404625030139339212042485655887005305090885466024753955067864590223424149050265400438643152432772669498628774756223798543226336745070703860942834020448619779712228544123546628221329649255237478809622516181769662941858941609518949139306859045693737430445511813844286739185498439387856394777279578209349262951498440890651130200642257276560
321 1873563828010707239900591209915556190976930287026506745223065152674999305612693199118803248758648769843398138566860646100031607167017389076032163424850411905208368016039789342587656896053418607952151271043903514547220332794998236480296070121371465910099135596754311841508607340951343621310588521882704737737617408264962941908472377175203379129065471418547268160
322 25325285464951089121781938029928045142018789158037862910509090957644077578419392681236964356969661681378896251857073705791314233885171077032405014243114214101504548664044731296849249748869694441436051669448729847904139062927106144978630567400245200822799881087944934947928621929056383015967738173717519696074557034615406565228598124145748545706810954866420326080
323 342329542660585668580700444262498123960394804710594778201215350103070424336325556589097720649996136582757186585892694463025088238081466317840349022942595190942908962499771143959072858993906875195133284202955297829732246565808498782316810813039752438180025203129422124634869249234217908444893816380237417329364493738076667379618004239933102611343505060195713158400
324 4627416158917904079452948304962558432023886322483332040273368155868307807767518105448553186159288949119357090403885976585576527666929103578855838718599978176512645543592194321827994768719730188291224285932586250234316844861333594275566759595034104285112825464343260401164776902481276347186659205262720361507897903261621910916718087231497838301127201845342156577600
325 62551374978788016517601516451335201874133157777986888651658699032637446500816585911379208369214643659566251273267194244773349609039933516678183452624967747558365686638035635517382351185341090026306392647491363163933148175399688042121809882901296018858817939653676459735099220815142671176889761833732154884139223208743684009260884285492891901322051863339365198133504
326 845549934134698088125106692770432705629431086109253158715844100090147335164343118874447097233055528096571410835697063770877205159886296763095461809713388137141384185178710387863874571222768047089336899876953732608287023346316393318097393154610722655859637320019297851820246635328133468141835519690450616365977788677658338272952756388633649074794009568498223751710464
327 11429986883708601164795691830680003757956454659211082317599731781755997483655472985458411691019366973029234154415508586188680560971067136462957600718685126907859827808555773855998157916148480091698315338354491535689794784080544811627755900810301876202041939624636189856430426776883771458557009349561115475444633699137282710467305746474485257757717790198620778910405632
328 154509878756618147362906312265208208510950660551555814797924796790595804604588211152868687140587261608526092765730973112125411774481924156610036562692340355324730636476625574999806505807887438245378295904584095029824660540855602025133704009239403952253676945188958934126479814253410796164777846925851814088235149281602874534987584842945939005148651713832376539252973120
329 2088674644138750393919134934151995851081193508009667952257583996022807093301554349878875101575170432177370443013891282650917653849122746735584336115835596504774926126123724783815043977812927528277836445111174890786272424598635639241578549545497542929051533129493562333920088822284394610873952315076198975985573347571219905572977043320249983895874253430559164773240336640
330 28235100386146253279041739464039263877351473409900517259084317075303914180966313432038035262144935947080044612735589944854639517139151817032116625942274283700094388528814088421802169125138046931468371868925907687715243051368052107235787823586636218619817961872476991728270584207808505938772448979592502832672816917098746086283432209986580869859457228275219927608769958656
331 381690940768244731617789823549491906286185513276523789206391825378759475624307001396128513491406746222211011067105530792973701706478825750229722549310811682793131309197101857471958941429145527081285041002281161199766695452064418333196469515048557228057884404819119022918595535270556938653492784532712481098957224305606058733158285528284305529179432838132746616583019361280
332 5159864762629339669678325722887734289005468538453462275142331403029989603981048296072128312227276233700343270508687700156425697234649241804815315588673338308845727520195416302834583308681646625033720536793373789598222598093482303003982762882367290255904021597789913070038651640720412936373333059270248650097442217065761436020728481665154048900155526329799899347554664643840
333 69753935093235250401671751068677206525104401188679683334787026024283966671702035474715356783554504731173204371183062875405626360099228066558370102187159508560429662516123711366872731962095396536644906614339727920729233136618278249506227841913030359183009910309933452138702147813114701708912937069752318254540182285165425214206165851182196044059951929910972684135060875084800
334 942981147161426025095729475059932555373550821586021167577359410164912453350231401723415706506548879434991669738012521567438610098018895659628443052179792803078530819518076972898759543303834956775283957858368417861577815584883298302304520797182437155046400981631957779515326845080778306762460138008812402759137946695042847919269768956658121507519661460108348694187241864576000
335 12747974537193771893241817451088589357587964287757376225796998816659479295386347361358721544793896527187924217665453747861371647874508560958475678897447745827918609494491061062056929577888891074682195824619202160807749683482201271827514512591850817836531423372863499965072265031900727409988782775263866811977487933157698797152443903384045054687969294680188703511732305822044160
336 172338862316132734768806312206848805734180158458737273510660689819884770791401527990291134840413125920553457878470500082745617714240750700013268872969637103753910495386920894132722137653989076354726545728696594384358462319649144258149199911295427685002623208649971193831588065897970455032618830383609180616736609083351729329409091168798322409698515251918727843337084151462237760
337 2329856055908804528507436863016042186105545861259280427267457297211555439246035793271433948482712930933481961155961442940747637656312441292206419838613276484905432196947656469387629729606805790858103825577282804462140053153643944249482823013976933893282964339344306727647587596462146861764182035087132968171121633527742314836796978397744567605224860999683218625678502258476878080
338 31497694761066750570485146377793715709097809048164536037842641924233922155570769116899816750785204668695848706906044968319875066376812148470766698886029094916834732444605887948159144239177913907028510353923838064765772891561418184809671292349207460902428842823229578817047338310466399781547719512894326659799630995932838132521305560484086440381972940008512871965961273835981126400
339 425826062660115955569710815305428149951277667710624356302750622711067304503167333020827418732481197546693130855757773107701965026134874403863739363030747601882865452908270002554349488195035938982146144696467808945611904213639757738239771218600502573489160894574639201621086657224414064315948133069149062491856518769032001720379309205596349908244091843767522535920208451367376614400
340 5756910456517606690824067831192683051166025117296784728882632454399098060525572307525837649004139709221729957529190638684853690394499836168444089862560978029267297269909292528653140452543564914298136896063813702164561662404325487231795411539421209323611800072898741524192627928782324810262939755722937992790350331088864169582872210270763109488195656867486831491153191358652978812160
341 77830613649580099984248995372069491446361733726328898502333046339744211008484642610217129321033979763295005186556796761165740218707085758728878444932405237552735942659181597797381681151765672255630954284431422538303812217837717291918280294572203505308788938014884775422950900795988520138938772660495195929479609761898057338333493320504353062433763256769576555450088416232413463168000
342 1052240848963163806030163942161210080437132095398869887124535845538428004189926650311916194161334837370242965945480567463241729151381242794090260033912349965380791162258751597971819789834695445303886638919506906152159086626182393493643982204299891059401121381539541351683666668538609495035710143744221402916480414000383789834963489389329096399990285959857709318533762551152250251852800
343 14226024797476524530768782760396538970079960530384251277601396587935923632953066108528514693712856665871074938049136102386981439881636647224041689726274791279409072775521190125327167822697809097193278695978633050169027056078268591387218748242590597536070282543730173782729032927214435973951968440891460020407629330034577455883407066033415107045982725615488784519882245396874121675264000
344 192333814426133387480622574899514961551217640288283682471522540066389154651336174844171475511928819899816791762706175088041359839755088152044315009280901792928673989445329231646616288075359933695265050444689800530622008949563059908446885128293228841891439984786363734924308957833376416421159607468946631969046623806881023316664675587601345154163059007766954630247280056610774278730656000
345 2600347482477804782136229384425062214379487812502368010533873452638693487851784713313971309170671923627090683424361346041757209318312407932153743189276205171778403580142208414005698377275694674025723846279114349521362131849849617312275080058502077412496702276870511564092984064624731010494336591330083293333675768452107136577875151525196979491686210060514705855206009227388267239117440000
346 35156915476118271268279756475311307129828565749528962093475690337896087039413630139454842955553901904420733619124675542656073494584879723831899026813219645988585627066536188005057182612775145246298826702255767890275344567293404730860215376533053336660708437797005804683725487684964794653690357325543203906950140313648006568216045935398469833330471772261031050942946708346752405207269657600
347 475328395738512200324991324056944307744413013264072094807832220341916197893434513798686842764720008967523951574458680860679387098789831773972258331172150979874723198961367890492404813886712353078578622832506443537152072265115651423452475411950945476412758183001574670757920220605581334685425692015495770226520347267545082371020278879693114771522759218128113051123749194168385353138597580800
348 6426586381427168441916758599693141401506169956224490539940728955373494261203478967356283544176367780097166105833239913367389694619319227108893115845861889325499430442015922705065264034958282022634287936923201160839517643038328765195766160945294294634844201581119137714889714622298375978128996590593670596794139343025450205440644824210152710559678590380353359672352532318259913398290275456000
349 86890143401797811784362592542207842361807281610716737248623146360904573977119006193161982049480420082825609465812484071693871395402561421896086053825474071952531327593820732928457894525291370354266500650736961697372530568531492077959150891891733910543276902347013239553737809941086414941786814058325710176973011700774906365967111115323933326804939747905166266236758686183558225720631851520000
350 1174800797938666957773643978253096016543080316297521709300108833046576574311044989893807148401008732492034389194785164569488561049801399775046353031898337293085714239605771669275710088256713857252777170622565871407426452416062106450415684157011615644936207657491905296024898576506029127456698710761761537450514878488783191277609736493679284601589157612240706606192999287081877128780644952207360
351 15884058786078419181845337416718158292917237452710704900914916540482109383277292932774530202112884082960766913573754059605018150131308184190150361703030659147146827897852329695895049358277278799487959284527648447901764357718176577020751157633137832258361684701342111098984933008328278097251648281257247064620145339304262214607387056595985273501731705951717238660801450884603328885192118911057920
352 214764379962782665992493607503546015472396651211431471593606639200087891081982599519663445135787213097622297909947392835276797046116099904209086944062706916956183944799341229811255324180879381717175550914771648122071060667433709851991980169280593404309772413623748515130793229392579469928910675645673349480310195531957863291201267688221805290297080811241206860956725557936736226473597458205444160
353 2903798745837121138854468636158551632817503370772169511429413197750003874611926912878388495080177510581415526530590317933567803309634483661477311207045544979481948708009919277500969968033869100284843669148707110597319729218127186905214638729582836591841927197148583936983729537591101292429021239877799212029456304532118233356863544386553676443601338422903150736402523694594942977525869575823212800
354 39262165417008084914745298739262244139300312816000237414604135813744212333260498894634638366362150889870124698085320485003887813583038535399219253037625990910944385771202943645197545573943956786621445809915469754914345403577670824216474201771564123014422804972296912658909375204467651495346138622971688404998946977723371297763671185285900170733700190818881938627699072226482282851643613185312326400
355 530866644236439548956014341029576599654995824185756326036275325320576838790016927410184484654381596587627772531891144270333415957409425068786155336967986190314670835154155131903255837880956386643365684437767445023534706181240035591862858236305728960076085393165301968546997366273076033650835251421409353443325788074478242340474969394757789258510096613156791291978661420169211594345991232572445660160
356 7177943962133429343537544725599574546035714716531654808054939312010362622389377866378554648579896502193525631069246934378482621389114512197124911386797545473809804360896381527253207475255793389530286590024425280402134733287345087442850052986319825857925354251350590434517798803676339662513067576017977908440306584900779642700275349087247580254953890782185497237559599056503686295768339011727141950720
357 97055042643105386084036643559346926200442526785871064183722821769911571745516712675346869148282799701620205746517763984796890515489498226741764075685724247728329569173003921368974256591421792849170180758208124052489757546523254521941047260949575692398336448861783497036601484560550935025701707196549434351672942562906271101843836080561641454902689865493168613096022622499719099213890287431462701532160
358 1312319381702522482814216836941146419462199570167654416806232723701697470535482872804382883060085840535280170217341715336495713400026024226891371021098267062365113519058407043022642193169952436046938933761125084801505693002479145446169544712417796891832155584516345735236110827831124966358670436355312354681119050078272268159915745259575680879988594812215067793199901980156658444673912287695245800012800
359 17744524224589493326782865471904513523910108355563900763140616715739339724250804359936329772559825298772720903624987040259567693206931286240902463457383017554775230362588592898771122449620190591446449660231423866662618575653478661933278473564243052498625104469988874109985161209496592299432287374221127839210206334666368447853314285581556972160401611549005165268927899934792807908979097735908057547264000
360 239934409178476031395989653167432003963679618298021305307458868986704275985345409513241673347770469661961539391856530323507056880459989318410368891423444791220862026808097866939039716055448865905133185925358239969308361945535680235866152354469862221448006737813796283068652781405728251406196530312140915459163418526871885690918816954194793470357216895411692443308866067653168181823007303426165505768802560
361 3244322745000022345215449862888877247782327712730849400309566032136740823981564272942464344597070164234645034212891242216773480479464729867186263196233685267992082018295262802589985951913157809231338143690122353270800694437198959227665013411742425152732389664524448076348794721161019465950015892671429333747945637688589456745849318163350454119039440572659858461869616629522276353960919688597471211450434560
362 43869116683222506540006323828337770641331890780192259236445409041712599592320754877075529624653441185977355111479969373845384905081243547162190056053050832203096544798618416021369076657032352432787562257173310687000212253527501487268089386401167905223715924454435960197175215280551502591527731729783890036103652439596708367046438405498043422440376007539553941863030641732554036577251366851937223819148692480
363 593194386238554543288729487233098609608219278246118464962607166207389238441931155365083428774308137603406031071954088618708187059251779303431001527366119714169405021922459807415439247925195148308326944170327538928193355867053067141002562380136638505168013241162780090542005912567451446305862693876109686704898790675151552156590580906686520148322184316563174356855269807326092802456298857492744185741707366400
364 8021183664935393442366702863754672276149323945291454841588809771474307323304535536282847347883476475735963075015780171466425066247316674721616709513759486875717201203022987247064584961577510008888456126612064662320149681405599268826262851864795442023783607485068980799439209767845794108313170211099440041139978422402985087222466040266026973840271623041051409066257097915135812943771702819528568575254038246400
365 108463385687399644048229046342453078766722637270619077132509623145666524633444783350555364939181881424727153177325047379550852683267864132042502219259427172511640863989272222980465765524814380334496780110664148383267654626801271334406160986113508990168070764941174980027222429624595082303491356522276367819592490604167518194186404232146422942503135291648775472848918937260278158079323185611144240050514193551360
366 1466665589763538392328760962309532697249314504440133094667224580397750391986954052914221825556610691211450570676885816564569094133112658453702111313131314915913451043156463251007990147097075299584934160656862925599578495133322871680279358980080708026495905089120917569871952636576844033631359162161689483526234880061294226216334516312038657227159379612599385095063108248652427458266753595584942113182862141747200
367 19832720030142266218018908701333648288491029500065008167974174860316874599249336240547759779490849436626223066892796246107304862550907113204973956867732088810794816517350503312372006026650342981782749962592281280056634374703246581431291248060850460275998303940732336216865822061869304970439334472069863944241061971604991413155320897340868612086061612842657751599796044924857476963968303327849000346109493653094400
368 268186352805079464223632022361947468969984787565078986493436437874047552985109189452576266436684968568697208510527228931611125046535049627143638037777222851550688120257369168602865031753733674688978975483795754844811617527779020915407941335169002238520515279260798349058890989065208964492472133500278707158699405965098037993839197451384621448335677273705721171796355589368367326815654633130196523680458297425568000
369 3626554966888435268030001704647944553253542516089839162201161895023703863951060050499784220731718800704956564459591078170940977652400847053221108069326063276488277274020643128721175385162156195870337350095847479613370387918796365401271451832724546135379710705575118196339962579352159315295806985059923318506695944594598306781230916121320232156641585432423298181194662863983198373796634677076116912983406614569600000
370 49040516382868005412332036187797118391325847551325113171039029131469895845126343939539753243143103861513872232215542622504280882559990575543470356450923819381945295938095688424986019463679956650220806749686057553525731650389610343981780751737847592618249506635408376789724566276499970561969631499174566476283420525208818237883121194932534715474063561660097437934217435410970880075848457911003665724982167495166643200
371 663160984397469854421669541491011049785255490017943618853171358673871297412389841458325500269998492173900702363876302237371854649832003874005362535510179485667980047957647965459177936040396199751910068398616262080282869935770216409526522296569060144353941372927402350448158394397724816343391298362105726168893872560478691513668810013471115958015898471313485929153952483400882823293489927118080961577558195501565235200
372 8967802732440735057547517813987813522232496294878882791338189214909753144946032699054015828158740040137436425751237037575631842799069370227956343994341638154133455276827834716908319145631695540889963399576687948823144690009453304482486445034320874682506020544325539524086268074979401129901923457710360716332260939633058670859057198562452634214343570941262969912505796751877026700679245074604035095365001242229834265600
373 121270803251476512144054926898260686449731207641310926941359323837244474879159936646035210527106422931940330956422340444023717563808484200857463863298868383377285411103771521005869306055069577990841829090470725457769995031875920710602658163875075341634307678509445997345390010456063385076357753987220961680160641101299909211046545854334765433837877022627624036759598216529348085499201173444665998150329629792962296320000
374 1639946099465624304940601528677379881419176927843566184289368115327216896946631581509655802176119153141433780387162571088945348096004503329152747969349146439866751932780327012047668838000425684907194196550099263651562999902347777331763963129389949973615360188258506946854372368696334701281074752992440494066379893330097704375559807897477345743904994556550959458181293250430090707125276871894694672429669530461507700224000
375 22177163070025783412026389017725415640350716764926540075827802566284446166959690343721602244307726172481038428154253606055269780456554338101874058216813492815889914678180081311382553779311535651121265130119977862873721175457399341620321037227921019127663343624421005497540851124281392879245607393027535800208039451405934231558078607897078540031112150822018016773944156891163510820825486321434426788550404333915469347897344
376 299906228068226759700680914938666357280868102167670418541331465384130518865899779738311957267299045579069944864824086343672904491100495434506359709658498155697850878459750493214603731794401453057664289369038498064473671176889510237255618085077927310939209081466792329455701549344108135058351882583863271922756765509150489915966140968987567969334307884799827066022030508083524148106517446693154900136572555479511785604768768
377 4055720728401284208713973174264269227604027354317096291054156118182051539110739943650079864051373518143412392461153759969211515867158144094388387199214980565862524444813514317320221109707056533683112680124033293666562451071550611349358453401536257501321474721769255401814407308260354732632601145927088633638992372993171106916401315119743652641376755652346704803329409330689308062687949763058786836930859202424644763149144064
378 54847097122042392803920860501438305001487604470097544130550431843243733820506997802929661506474185995415608390964501419506461273841389949219882867624959317529585582833751468124312570588117634849769464427862083649200817428374296960655033868651407765103624118633437302716528996517871134379494870902668173423573721715264334670010441985942476088302468925740012371102641335387831756682087729588517835913727802364737096153790033920
379 741723914410349390190501827718382394835183664877030461373089378472536018394379417678931541904171537728338492145162430064226763097262372491754251374454653354190399938766446050230194817212614178314643494311420841131803053809722485982822199929037229813723598958936095537294839715212505719372109739817732596638030879572232191348597363888246797002063117915448326730411754283763265202454429089800694497997423330960782417205552168960
380 10030762117514853329209411031508604720109858235125292546101587318106947377067541571142001753052368024492722890454387382870152850888645337759301880702207187615598468392251815976171639754171444421172797991316355615357029936762260391468152891859571847114296748937515568199561178528403005452647999676261836022768608915492898782328722013667736704601704176485196853460476360037520680439862530416552235406614867033740890801776746123264
381 135652742830767408649320673072758702236365116010424230873532965154001066470672298352957341704068184755794645414382773523545751567918670723218044566795692079121643454989593403125202736450856092629829221417545355169027115582980370821756778834971020228479466438033856532705187902590541277022184433724616373731304296681007349998332631840235884974897315506621040425491808207957691576329644201289656147325444370138644743193238516154368
382 1834535882745308670502550538715292153074362328050132834112155835889382862914488411866245692084703681687788530568198495687313500472024140158238858774739439821197068825170280723636857195014749846463067597193769540837768131014062639468731600763072871622546294616244841880717152088298009790788108026399449914612039391670034696878714375967711991621260113732717581675484253595120382100963675756470364216953746891880481874145130699669504
383 24810002595062825088972715375373221794110366385809249444122651521488501626353430839701287513432566734966710499038665021315947054492243657117551701230715200110469724980125723642005052579320208553051034294472747278459762994119975727278281706704292923301544795060455996038135829692718722432578174219387536470829730996848896871484808447790818465251670556538779995507687614055623730234954818429758176977471229305693287379479353625477120
384 335529230366602581576898969159896630543135992700471776604370123415596525493799275439903061421430016044664758829017301107787930992165012571371797505578729209990897542317375215547382882365922180090905085304240634929712924240790537145263265487223119382193579515198151646291149911472792957792841403019353583256784731312612714910695786545949716540265503821409674187777664729320905857936613736252314521650816544230005544369863835054371600
385 4537711162080553129402755374431047337519668531740812116412544000948769738564097134911990940864953808889658996295796396441921475406247306788742340588623984049444915388203940191052612248468289619103998004230782216960973059960223765727913424503490531170669175253854170104790825738970884065829332406464212811009885545372278915674119420704229439620498722520347425206792043251310771826606816119498039252580022351081607706565386804374236224
386 61368605900224191082481334030544674009573866679652364389095348853225025602723262845116133328125980198688928171442873440897563611632187396569057907011478857537952885044274063414236970186906964693890250989085476106466942397416404161193840167298820795478138099923010472078515769737198304849724992868073515859162317604294467597216641188536498556986360162616017645622394904225625537073850826047606503839240642778879856222365534580074448064
387 829962696955234541067805208758195287421628581395745811468522261920379777089724127733630063168785546475222578481867832969951183634172434437758746626516387041057050605831721518710052930934301951085509922038870334234658635482479003374547644833239637068175174472452510103134160954397700249828458873549063314499516830125601387738622456070237791576723998812077283990110756558543124200160134787381951410490792167769525804510551084977486099712
388 11224675131388666503800774046696046223547407500264907648819525113539613180684513488092080199458692696224494560596563877877715822586348016647370969920610740189487436617595979975703802121562981136798166989806492812753511675749438828795592952110875902760154639378644677125921818016047033462051994340515954370917529117460086720624256030022838255831343895028368038494737736041509689330286692969560509463503638174698429675737322106444042992960
389 151807023130114740021290177948326785561847834076717637300857916022774560332344461138091637465101497956259483134957786816224330445295256162224618488649272987615301778480782853304514110332650001507288061309380306551335275411306811995096041297737924421745708230716203628369807534374559066169925222311102396461327362680964635866110905406454507473694315485141401650711890122365187329737123031807989697535003879602572471742008655328891620040960
390 2053112795014436738286400894639792729676248453759857112933631599372679351817955741290737644242999079036857343185145968171346897881523393701864109696159651614517520938780670438063788682089101744810684912613476051174175120095005398349161116437643397647973929041388334674167962868807936681978917327377852253568919840873587849376741246135235620247302580588948670020634396605129362032084990900541121562747401042053712375242034631423957032836864
391 27767488599439672189798704224668396680345501781558853685673349149440941918003034949730941503241543620358076490263265925294796208768982378458941712022944040072627621074118206546282367637294813663690476075266875303823480743066203471332331089379164919223819286960411737113891840641601043962728676015780706027287676226249014048390724776179680909935778260619485837519762771004955429410781981162121865448278623196379174557132280170792855320294400
392 375546075231306393709158364756573437907898841642140455891370563936128547307436533028577997198249717913586638276615257961686127631734606733470464388155417596855945894038395742815895655295536322496098100547486639682344431467736025502997253471285851237788262545972074291686495801795810985437962138895276383252470013547930655241543604991402439690848417616284487730195120409779281512575143306033415311859725353151261321134497810908283701762118720
393 5079169091354309465759637611512717119538152707642204087714409707696041095065926986184073670560139406374111441165109653389564914118659013229272036250701982624423592998202662825124666944490709063745858092058795540160102116086732666036598143866678959298803449815729851594634434341346226680648706882837423848628222146711436295852220310125277359946552458074646216870110246386155529688360172046767263219644841171433910919061720151460913848518560000
394 68694966932195606423357770291141516792485606427817427264149498476425693509020117017149244513857833877569558843534140251719513886868744162566088268135865809795790525250721159314448268072315202786593877394054597958643745517569745298692375395909836793236925794751426246026365785213858392060870206536927502954520050328229807003565576747811739483788011090391493551134298365042595001408712454394199742429170908863579935879177648087674911855037766400
395 929094643288701791308173263861032761222704183198726253233232119111132093591947461104447840651995819186288083577740132282201261134875205883517017001473474403347812260521795342537774879642074200639377234449028831776111981076358453097995436876977065424187682555870721030805969731112974377602703164554116456346150189555889777303323821813501929465566530647607475904061720725742557349754235403129011803315885212239278383429508936989754632850844144640
396 12566020652786948562301793198521980528814847438082581992971594378770227148269087055065073336825435568036929189087423584746409967717767142284297393278273061751421158360056657098617149888923074267423700437225642865985276716830814383757941950721911998623343394482572938145785484957118123009401951384758616805228255048627138384503559104907587692908122509078347410624120240838561132028799020741400796304381460524378958137275602903358736070423285863680
397 169956721106054492922115738814493948839747166621830647743362448813172958861586235415661869450941870149603926269064863266909208597861294760036606415932648665750386702639163833216738578666316504399194773748116605319571629224965448681580607623576236611127950571735318943610391673743053944322925251913278903422799096708825052923421114881704101797464713694697431890022343288622702573892624380393706770292658989286378080703883297241485755890023382410240
398 2298696668358098216194384291698001812575747418094977959598897459921494090760356157749702099547396631987419640225051655834746404064076208042530763819928792043231587148339056401174755884677045570014862790429973393246774168957335002707115612696871327179016330820200927820242884542767109097647259333266732906687318886987455614624740152082074200859902496504762575198402402269827186239018703862335455660409228978636697380799917168087954807308897392614400
399 31090501179284472477990018777064072468791818287533700536191983219664891263303762855880360301723138544233502507247391130569579329472336959422408014372694717949382512972190103809611393479666926948835860475113994804134405000394870088295528734203130977921771477184691268798468871415894240322336905128504388785190294614449293452972282263462274949904235037067762608329443970342856115966915236255658920519696882492238559677530982967958354255761348701900800
